0.642 0.06 0.09 0 1.5708 0 
0.642001 0.0599997 0.09 3.74832e-05 1.5708 0 
0.642004 0.0599992 0.09 0.000111885 1.5708 0 
0.642007 0.0599984 0.09 0.000221876 1.5708 0 
0.642012 0.0599974 0.09 0.000365379 1.5708 0 
0.642017 0.0599962 0.09 0.000539612 1.5708 0 
0.642023 0.0599948 0.09 0.000741132 1.5708 0 
0.642031 0.0599932 0.09 0.000965908 1.5708 0 
0.642038 0.0599915 0.09 0.00120942 1.5708 0 
0.642046 0.0599897 0.09 0.0014668 1.5708 0 
0.642055 0.0599878 0.09 0.00173298 1.5708 0 
0.642064 0.0599859 0.09 0.00200295 1.5708 0 
0.642072 0.059984 0.09 0.00227202 1.5708 0 
0.642081 0.0599821 0.09 0.00253614 1.5708 0 
0.642089 0.0599803 0.09 0.00279231 1.5708 0 
0.642097 0.0599785 0.09 0.0030389 1.5708 0 
0.642104 0.0599769 0.09 0.00327597 1.5708 0 
0.642112 0.0599752 0.09 0.00350542 1.5708 0 
0.642119 0.0599736 0.09 0.00373077 1.5708 0 
0.642126 0.059972 0.09 0.00395651 1.5708 0 
0.642133 0.0599703 0.09 0.00418689 1.5708 0 
0.642141 0.0599686 0.09 0.0044243 1.5708 0 
0.642149 0.0599669 0.09 0.00466786 1.5708 0 
0.642157 0.0599651 0.09 0.00491329 1.5708 0 
0.642165 0.0599634 0.09 0.00515512 1.5708 0 
0.642172 0.0599617 0.09 0.0053909 1.5708 0 
0.64218 0.05996 0.09 0.00562411 1.5708 0 
0.642188 0.0599583 0.09 0.00586098 1.5708 0 
0.642196 0.0599565 0.09 0.00610261 1.5708 0 
0.642204 0.0599547 0.09 0.00634301 1.5708 0 
0.642211 0.059953 0.09 0.00657861 1.5708 0 
0.642219 0.0599513 0.09 0.0068144 1.5708 0 
0.642227 0.0599495 0.09 0.00705458 1.5708 0 
0.642235 0.0599477 0.09 0.00729472 1.5708 0 
0.642243 0.059946 0.09 0.00753086 1.5708 0 
0.642251 0.0599442 0.09 0.00776718 1.5708 0 
0.642259 0.0599425 0.09 0.00800711 1.5708 0 
0.642267 0.0599407 0.09 0.00824661 1.5708 0 
0.642275 0.0599389 0.09 0.00848284 1.5708 0 
0.642283 0.0599371 0.09 0.00871965 1.5708 0 
0.642291 0.0599353 0.09 0.00895936 1.5708 0 
0.642299 0.0599335 0.09 0.00919847 1.5708 0 
0.642307 0.0599317 0.09 0.00943493 1.5708 0 
0.642315 0.0599299 0.09 0.00967187 1.5708 0 
0.642324 0.0599281 0.09 0.00991119 1.5708 0 
0.642332 0.0599262 0.09 0.0101503 1.5708 0 
0.64234 0.0599244 0.09 0.0103872 1.5708 0 
0.642348 0.0599226 0.09 0.0106239 1.5708 0 
0.642357 0.0599207 0.09 0.0108626 1.5708 0 
0.642365 0.0599188 0.09 0.0111018 1.5708 0 
0.642374 0.059917 0.09 0.0113395 1.5708 0 
0.642382 0.0599151 0.09 0.0115761 1.5708 0 
0.64239 0.0599133 0.09 0.0118138 1.5708 0 
0.642399 0.0599114 0.09 0.0120528 1.5708 0 
0.642407 0.0599095 0.09 0.0122914 1.5708 0 
0.642416 0.0599076 0.09 0.0125286 1.5708 0 
0.642425 0.0599057 0.09 0.0127655 1.5708 0 
0.642433 0.0599037 0.09 0.0130035 1.5708 0 
0.642442 0.0599018 0.09 0.0132423 1.5708 0 
0.642451 0.0598999 0.09 0.0134807 1.5708 0 
0.642459 0.0598979 0.09 0.013718 1.5708 0 
0.642468 0.059896 0.09 0.013955 1.5708 0 
0.642477 0.059894 0.09 0.0141927 1.5708 0 
0.642486 0.0598921 0.09 0.0144312 1.5708 0 
0.642495 0.0598901 0.09 0.0146696 1.5708 0 
0.642504 0.0598881 0.09 0.0149074 1.5708 0 
0.642513 0.0598861 0.09 0.0151445 1.5708 0 
0.642522 0.0598841 0.09 0.0153818 1.5708 0 
0.642531 0.0598821 0.09 0.0156197 1.5708 0 
0.64254 0.0598801 0.09 0.0158581 1.5708 0 
0.642549 0.059878 0.09 0.0160963 1.5708 0 
0.642558 0.059876 0.09 0.016334 1.5708 0 
0.642567 0.0598739 0.09 0.0165712 1.5708 0 
0.642577 0.0598719 0.09 0.0168085 1.5708 0 
0.642586 0.0598698 0.09 0.0170462 1.5708 0 
0.642595 0.0598677 0.09 0.0172843 1.5708 0 
0.642605 0.0598656 0.09 0.0175225 1.5708 0 
0.642614 0.0598635 0.09 0.0177603 1.5708 0 
0.642624 0.0598614 0.09 0.0179978 1.5708 0 
0.642633 0.0598593 0.09 0.018235 1.5708 0 
0.642643 0.0598572 0.09 0.0184724 1.5708 0 
0.642652 0.059855 0.09 0.0187102 1.5708 0 
0.642662 0.0598528 0.09 0.0189481 1.5708 0 
0.642672 0.0598507 0.09 0.0191861 1.5708 0 
0.642682 0.0598485 0.09 0.0194239 1.5708 0 
0.642692 0.0598463 0.09 0.0196614 1.5708 0 
0.642702 0.0598441 0.09 0.0198987 1.5708 0 
0.642712 0.0598419 0.09 0.0201361 1.5708 0 
0.642722 0.0598397 0.09 0.0203736 1.5708 0 
0.642732 0.0598374 0.09 0.0206114 1.5708 0 
0.642742 0.0598352 0.09 0.0208492 1.5708 0 
0.642752 0.0598329 0.09 0.021087 1.5708 0 
0.642762 0.0598306 0.09 0.0213247 1.5708 0 
0.642772 0.0598283 0.09 0.0215621 1.5708 0 
0.642783 0.059826 0.09 0.0217994 1.5708 0 
0.642793 0.0598237 0.09 0.0220368 1.5708 0 
0.642804 0.0598214 0.09 0.0222743 1.5708 0 
0.642814 0.0598191 0.09 0.0225119 1.5708 0 
0.642825 0.0598167 0.09 0.0227496 1.5708 0 
0.642835 0.0598144 0.09 0.0229873 1.5708 0 
0.642846 0.059812 0.09 0.0232249 1.5708 0 
0.642857 0.0598096 0.09 0.0234624 1.5708 0 
0.642868 0.0598072 0.09 0.0236997 1.5708 0 
0.642878 0.0598048 0.09 0.0239371 1.5708 0 
0.642889 0.0598024 0.09 0.0241744 1.5708 0 
0.6429 0.0597999 0.09 0.0244118 1.5708 0 
0.642911 0.0597975 0.09 0.0246493 1.5708 0 
0.642922 0.059795 0.09 0.0248869 1.5708 0 
0.642934 0.0597925 0.09 0.0251245 1.5708 0 
0.642945 0.05979 0.09 0.025362 1.5708 0 
0.642956 0.0597875 0.09 0.0255994 1.5708 0 
0.642968 0.059785 0.09 0.0258368 1.5708 0 
0.642979 0.0597825 0.09 0.0260741 1.5708 0 
0.64299 0.0597799 0.09 0.0263114 1.5708 0 
0.643002 0.0597773 0.09 0.0265487 1.5708 0 
0.643014 0.0597748 0.09 0.0267861 1.5708 0 
0.643025 0.0597722 0.09 0.0270235 1.5708 0 
0.643037 0.0597696 0.09 0.0272609 1.5708 0 
0.643049 0.0597669 0.09 0.0274984 1.5708 0 
0.643061 0.0597643 0.09 0.0277358 1.5708 0 
0.643073 0.0597617 0.09 0.0279732 1.5708 0 
0.643085 0.059759 0.09 0.0282105 1.5708 0 
0.643097 0.0597563 0.09 0.0284478 1.5708 0 
0.643109 0.0597536 0.09 0.028685 1.5708 0 
0.643121 0.0597509 0.09 0.0289223 1.5708 0 
0.643133 0.0597482 0.09 0.0291595 1.5708 0 
0.643146 0.0597454 0.09 0.0293968 1.5708 0 
0.643158 0.0597427 0.09 0.0296341 1.5708 0 
0.64317 0.0597399 0.09 0.0298714 1.5708 0 
0.643183 0.0597371 0.09 0.0301088 1.5708 0 
0.643196 0.0597343 0.09 0.0303461 1.5708 0 
0.643208 0.0597315 0.09 0.0305833 1.5708 0 
0.643221 0.0597287 0.09 0.0308206 1.5708 0 
0.643234 0.0597258 0.09 0.0310578 1.5708 0 
0.643247 0.0597229 0.09 0.031295 1.5708 0 
0.64326 0.0597201 0.09 0.0315322 1.5708 0 
0.643273 0.0597172 0.09 0.0317693 1.5708 0 
0.643286 0.0597142 0.09 0.0320065 1.5708 0 
0.643299 0.0597113 0.09 0.0322437 1.5708 0 
0.643312 0.0597084 0.09 0.0324809 1.5708 0 
0.643326 0.0597054 0.09 0.0327181 1.5708 0 
0.643339 0.0597024 0.09 0.0329553 1.5708 0 
0.643353 0.0596994 0.09 0.0331925 1.5708 0 
0.643366 0.0596964 0.09 0.0334297 1.5708 0 
0.64338 0.0596934 0.09 0.0336668 1.5708 0 
0.643393 0.0596903 0.09 0.033904 1.5708 0 
0.643407 0.0596873 0.09 0.0341411 1.5708 0 
0.643421 0.0596842 0.09 0.0343782 1.5708 0 
0.643435 0.0596811 0.09 0.0346153 1.5708 0 
0.643449 0.059678 0.09 0.0348524 1.5708 0 
0.643463 0.0596749 0.09 0.0350894 1.5708 0 
0.643477 0.0596717 0.09 0.0353265 1.5708 0 
0.643492 0.0596686 0.09 0.0355636 1.5708 0 
0.643506 0.0596654 0.09 0.0358007 1.5708 0 
0.64352 0.0596622 0.09 0.0360378 1.5708 0 
0.643535 0.059659 0.09 0.0362749 1.5708 0 
0.643549 0.0596557 0.09 0.0365119 1.5708 0 
0.643564 0.0596525 0.09 0.036749 1.5708 0 
0.643579 0.0596492 0.09 0.036986 1.5708 0 
0.643593 0.0596459 0.09 0.037223 1.5708 0 
0.643608 0.0596426 0.09 0.03746 1.5708 0 
0.643623 0.0596393 0.09 0.037697 1.5708 0 
0.643638 0.059636 0.09 0.037934 1.5708 0 
0.643653 0.0596326 0.09 0.038171 1.5708 0 
0.643668 0.0596292 0.09 0.038408 1.5708 0 
0.643684 0.0596258 0.09 0.0386449 1.5708 0 
0.643699 0.0596224 0.09 0.0388819 1.5708 0 
0.643715 0.059619 0.09 0.0391189 1.5708 0 
0.64373 0.0596155 0.09 0.0393558 1.5708 0 
0.643746 0.0596121 0.09 0.0395928 1.5708 0 
0.643761 0.0596086 0.09 0.0398297 1.5708 0 
0.643777 0.0596051 0.09 0.0400667 1.5708 0 
0.643793 0.0596016 0.09 0.0403036 1.5708 0 
0.643809 0.059598 0.09 0.0405405 1.5708 0 
0.643825 0.0595945 0.09 0.0407774 1.5708 0 
0.643841 0.0595909 0.09 0.0410143 1.5708 0 
0.643857 0.0595873 0.09 0.0412512 1.5708 0 
0.643873 0.0595837 0.09 0.0414881 1.5708 0 
0.64389 0.0595801 0.09 0.0417249 1.5708 0 
0.643906 0.0595764 0.09 0.0419618 1.5708 0 
0.643923 0.0595727 0.09 0.0421987 1.5708 0 
0.643939 0.0595691 0.09 0.0424355 1.5708 0 
0.643956 0.0595653 0.09 0.0426723 1.5708 0 
0.643973 0.0595616 0.09 0.0429092 1.5708 0 
0.64399 0.0595579 0.09 0.043146 1.5708 0 
0.644007 0.0595541 0.09 0.0433828 1.5708 0 
0.644024 0.0595503 0.09 0.0436197 1.5708 0 
0.644041 0.0595465 0.09 0.0438565 1.5708 0 
0.644058 0.0595427 0.09 0.0440933 1.5708 0 
0.644075 0.0595389 0.09 0.0443301 1.5708 0 
0.644093 0.059535 0.09 0.0445668 1.5708 0 
0.64411 0.0595311 0.09 0.0448036 1.5708 0 
0.644128 0.0595272 0.09 0.0450404 1.5708 0 
0.644145 0.0595233 0.09 0.0452771 1.5708 0 
0.644163 0.0595194 0.09 0.0455139 1.5708 0 
0.644181 0.0595154 0.09 0.0457506 1.5708 0 
0.644199 0.0595114 0.09 0.0459873 1.5708 0 
0.644217 0.0595074 0.09 0.0462241 1.5708 0 
0.644235 0.0595034 0.09 0.0464608 1.5708 0 
0.644253 0.0594994 0.09 0.0466975 1.5708 0 
0.644271 0.0594953 0.09 0.0469342 1.5708 0 
0.644289 0.0594912 0.09 0.0471709 1.5708 0 
0.644308 0.0594871 0.09 0.0474076 1.5708 0 
0.644326 0.059483 0.09 0.0476443 1.5708 0 
0.644345 0.0594789 0.09 0.0478809 1.5708 0 
0.644364 0.0594747 0.09 0.0481176 1.5708 0 
0.644382 0.0594706 0.09 0.0483543 1.5708 0 
0.644401 0.0594664 0.09 0.0485909 1.5708 0 
0.64442 0.0594621 0.09 0.0488276 1.5708 0 
0.644439 0.0594579 0.09 0.0490642 1.5708 0 
0.644459 0.0594537 0.09 0.0493008 1.5708 0 
0.644478 0.0594494 0.09 0.0495374 1.5708 0 
0.644497 0.0594451 0.09 0.0497741 1.5708 0 
0.644517 0.0594408 0.09 0.0500107 1.5708 0 
0.644536 0.0594364 0.09 0.0502473 1.5708 0 
0.644556 0.0594321 0.09 0.0504838 1.5708 0 
0.644575 0.0594277 0.09 0.0507204 1.5708 0 
0.644595 0.0594233 0.09 0.050957 1.5708 0 
0.644615 0.0594189 0.09 0.0511936 1.5708 0 
0.644635 0.0594144 0.09 0.0514301 1.5708 0 
0.644655 0.05941 0.09 0.0516667 1.5708 0 
0.644675 0.0594055 0.09 0.0519032 1.5708 0 
0.644696 0.059401 0.09 0.0521398 1.5708 0 
0.644716 0.0593965 0.09 0.0523763 1.5708 0 
0.644736 0.0593919 0.09 0.0526128 1.5708 0 
0.644757 0.0593873 0.09 0.0528493 1.5708 0 
0.644778 0.0593828 0.09 0.0530858 1.5708 0 
0.644798 0.0593782 0.09 0.0533223 1.5708 0 
0.644819 0.0593735 0.09 0.0535588 1.5708 0 
0.64484 0.0593689 0.09 0.0537953 1.5708 0 
0.644861 0.0593642 0.09 0.0540318 1.5708 0 
0.644882 0.0593595 0.09 0.0542682 1.5708 0 
0.644903 0.0593548 0.09 0.0545047 1.5708 0 
0.644925 0.0593501 0.09 0.0547412 1.5708 0 
0.644946 0.0593453 0.09 0.0549776 1.5708 0 
0.644968 0.0593406 0.09 0.0552141 1.5708 0 
0.644989 0.0593358 0.09 0.0554505 1.5708 0 
0.645011 0.0593309 0.09 0.0556869 1.5708 0 
0.645033 0.0593261 0.09 0.0559233 1.5708 0 
0.645054 0.0593212 0.09 0.0561597 1.5708 0 
0.645076 0.0593164 0.09 0.0563961 1.5708 0 
0.645098 0.0593115 0.09 0.0566325 1.5708 0 
0.645121 0.0593065 0.09 0.0568689 1.5708 0 
0.645143 0.0593016 0.09 0.0571053 1.5708 0 
0.645165 0.0592966 0.09 0.0573417 1.5708 0 
0.645188 0.0592916 0.09 0.057578 1.5708 0 
0.64521 0.0592866 0.09 0.0578144 1.5708 0 
0.645233 0.0592816 0.09 0.0580508 1.5708 0 
0.645255 0.0592766 0.09 0.0582871 1.5708 0 
0.645278 0.0592715 0.09 0.0585234 1.5708 0 
0.645301 0.0592664 0.09 0.0587598 1.5708 0 
0.645324 0.0592613 0.09 0.0589961 1.5708 0 
0.645347 0.0592561 0.09 0.0592324 1.5708 0 
0.645371 0.059251 0.09 0.0594687 1.5708 0 
0.645394 0.0592458 0.09 0.059705 1.5708 0 
0.645417 0.0592406 0.09 0.0599413 1.5708 0 
0.645441 0.0592354 0.09 0.0601776 1.5708 0 
0.645464 0.0592301 0.09 0.0604139 1.5708 0 
0.645488 0.0592249 0.09 0.0606501 1.5708 0 
0.645512 0.0592196 0.09 0.0608864 1.5708 0 
0.645536 0.0592143 0.09 0.0611227 1.5708 0 
0.64556 0.0592089 0.09 0.0613589 1.5708 0 
0.645584 0.0592036 0.09 0.0615952 1.5708 0 
0.645608 0.0591982 0.09 0.0618314 1.5708 0 
0.645632 0.0591928 0.09 0.0620676 1.5708 0 
0.645657 0.0591874 0.09 0.0623039 1.5708 0 
0.645681 0.059182 0.09 0.0625401 1.5708 0 
0.645706 0.0591765 0.09 0.0627763 1.5708 0 
0.64573 0.059171 0.09 0.0630125 1.5708 0 
0.645755 0.0591655 0.09 0.0632487 1.5708 0 
0.64578 0.05916 0.09 0.0634849 1.5708 0 
0.645805 0.0591544 0.09 0.063721 1.5708 0 
0.64583 0.0591489 0.09 0.0639572 1.5708 0 
0.645855 0.0591433 0.09 0.0641934 1.5708 0 
0.645881 0.0591376 0.09 0.0644295 1.5708 0 
0.645906 0.059132 0.09 0.0646657 1.5708 0 
0.645931 0.0591264 0.09 0.0649018 1.5708 0 
0.645957 0.0591207 0.09 0.065138 1.5708 0 
0.645983 0.059115 0.09 0.0653741 1.5708 0 
0.646008 0.0591092 0.09 0.0656102 1.5708 0 
0.646034 0.0591035 0.09 0.0658463 1.5708 0 
0.64606 0.0590977 0.09 0.0660824 1.5708 0 
0.646086 0.0590919 0.09 0.0663185 1.5708 0 
0.646112 0.0590861 0.09 0.0665546 1.5708 0 
0.646139 0.0590803 0.09 0.0667907 1.5708 0 
0.646165 0.0590744 0.09 0.0670268 1.5708 0 
0.646192 0.0590686 0.09 0.0672629 1.5708 0 
0.646218 0.0590626 0.09 0.0674989 1.5708 0 
0.646245 0.0590567 0.09 0.067735 1.5708 0 
0.646271 0.0590508 0.09 0.0679711 1.5708 0 
0.646298 0.0590448 0.09 0.0682071 1.5708 0 
0.646325 0.0590388 0.09 0.0684431 1.5708 0 
0.646352 0.0590328 0.09 0.0686792 1.5708 0 
0.64638 0.0590268 0.09 0.0689152 1.5708 0 
0.646407 0.0590207 0.09 0.0691512 1.5708 0 
0.646434 0.0590146 0.09 0.0693872 1.5708 0 
0.646462 0.0590085 0.09 0.0696232 1.5708 0 
0.646489 0.0590024 0.09 0.0698592 1.5708 0 
0.646517 0.0589963 0.09 0.0700952 1.5708 0 
0.646545 0.0589901 0.09 0.0703312 1.5708 0 
0.646572 0.0589839 0.09 0.0705672 1.5708 0 
0.6466 0.0589777 0.09 0.0708032 1.5708 0 
0.646628 0.0589715 0.09 0.0710391 1.5708 0 
0.646657 0.0589652 0.09 0.0712751 1.5708 0 
0.646685 0.0589589 0.09 0.071511 1.5708 0 
0.646713 0.0589526 0.09 0.071747 1.5708 0 
0.646742 0.0589463 0.09 0.0719829 1.5708 0 
0.64677 0.05894 0.09 0.0722188 1.5708 0 
0.646799 0.0589336 0.09 0.0724548 1.5708 0 
0.646828 0.0589272 0.09 0.0726907 1.5708 0 
0.646856 0.0589208 0.09 0.0729266 1.5708 0 
0.646885 0.0589144 0.09 0.0731625 1.5708 0 
0.646914 0.0589079 0.09 0.0733984 1.5708 0 
0.646944 0.0589014 0.09 0.0736343 1.5708 0 
0.646973 0.0588949 0.09 0.0738702 1.5708 0 
0.647002 0.0588884 0.09 0.074106 1.5708 0 
0.647032 0.0588819 0.09 0.0743419 1.5708 0 
0.647061 0.0588753 0.09 0.0745778 1.5708 0 
0.647091 0.0588687 0.09 0.0748136 1.5708 0 
0.647121 0.0588621 0.09 0.0750495 1.5708 0 
0.64715 0.0588555 0.09 0.0752853 1.5708 0 
0.64718 0.0588488 0.09 0.0755212 1.5708 0 
0.64721 0.0588421 0.09 0.075757 1.5708 0 
0.647241 0.0588354 0.09 0.0759928 1.5708 0 
0.647271 0.0588287 0.09 0.0762286 1.5708 0 
0.647301 0.058822 0.09 0.0764644 1.5708 0 
0.647332 0.0588152 0.09 0.0767002 1.5708 0 
0.647362 0.0588084 0.09 0.076936 1.5708 0 
0.647393 0.0588016 0.09 0.0771718 1.5708 0 
0.647424 0.0587948 0.09 0.0774076 1.5708 0 
0.647454 0.0587879 0.09 0.0776434 1.5708 0 
0.647485 0.058781 0.09 0.0778792 1.5708 0 
0.647516 0.0587741 0.09 0.0781149 1.5708 0 
0.647548 0.0587672 0.09 0.0783507 1.5708 0 
0.647579 0.0587603 0.09 0.0785864 1.5708 0 
0.64761 0.0587533 0.09 0.0788222 1.5708 0 
0.647642 0.0587463 0.09 0.0790579 1.5708 0 
0.647673 0.0587393 0.09 0.0792937 1.5708 0 
0.647705 0.0587322 0.09 0.0795294 1.5708 0 
0.647737 0.0587252 0.09 0.0797651 1.5708 0 
0.647768 0.0587181 0.09 0.0800008 1.5708 0 
0.6478 0.058711 0.09 0.0802365 1.5708 0 
0.647833 0.0587039 0.09 0.0804722 1.5708 0 
0.647865 0.0586967 0.09 0.0807079 1.5708 0 
0.647897 0.0586896 0.09 0.0809436 1.5708 0 
0.647929 0.0586824 0.09 0.0811793 1.5708 0 
0.647962 0.0586752 0.09 0.0814149 1.5708 0 
0.647994 0.0586679 0.09 0.0816506 1.5708 0 
0.648027 0.0586607 0.09 0.0818863 1.5708 0 
0.64806 0.0586534 0.09 0.0821219 1.5708 0 
0.648093 0.0586461 0.09 0.0823576 1.5708 0 
0.648125 0.0586388 0.09 0.0825932 1.5708 0 
0.648159 0.0586314 0.09 0.0828289 1.5708 0 
0.648192 0.0586241 0.09 0.0830645 1.5708 0 
0.648225 0.0586167 0.09 0.0833001 1.5708 0 
0.648258 0.0586093 0.09 0.0835357 1.5708 0 
0.648292 0.0586018 0.09 0.0837713 1.5708 0 
0.648325 0.0585944 0.09 0.0840069 1.5708 0 
0.648359 0.0585869 0.09 0.0842425 1.5708 0 
0.648393 0.0585794 0.09 0.0844781 1.5708 0 
0.648427 0.0585719 0.09 0.0847137 1.5708 0 
0.64846 0.0585643 0.09 0.0849493 1.5708 0 
0.648495 0.0585568 0.09 0.0851849 1.5708 0 
0.648529 0.0585492 0.09 0.0854204 1.5708 0 
0.648563 0.0585416 0.09 0.085656 1.5708 0 
0.648597 0.058534 0.09 0.0858915 1.5708 0 
0.648632 0.0585263 0.09 0.0861271 1.5708 0 
0.648666 0.0585186 0.09 0.0863626 1.5708 0 
0.648701 0.0585109 0.09 0.0865982 1.5708 0 
0.648736 0.0585032 0.09 0.0868337 1.5708 0 
0.64877 0.0584955 0.09 0.0870692 1.5708 0 
0.648805 0.0584877 0.09 0.0873047 1.5708 0 
0.64884 0.0584799 0.09 0.0875402 1.5708 0 
0.648875 0.0584721 0.09 0.0877757 1.5708 0 
0.648911 0.0584643 0.09 0.0880112 1.5708 0 
0.648946 0.0584564 0.09 0.0882467 1.5708 0 
0.648981 0.0584486 0.09 0.0884822 1.5708 0 
0.649017 0.0584407 0.09 0.0887177 1.5708 0 
0.649053 0.0584328 0.09 0.0889532 1.5708 0 
0.649088 0.0584248 0.09 0.0891886 1.5708 0 
0.649124 0.0584169 0.09 0.0894241 1.5708 0 
0.64916 0.0584089 0.09 0.0896595 1.5708 0 
0.649196 0.0584009 0.09 0.089895 1.5708 0 
0.649232 0.0583928 0.09 0.0901304 1.5708 0 
0.649268 0.0583848 0.09 0.0903659 1.5708 0 
0.649305 0.0583767 0.09 0.0906013 1.5708 0 
0.649341 0.0583686 0.09 0.0908367 1.5708 0 
0.649378 0.0583605 0.09 0.0910721 1.5708 0 
0.649414 0.0583524 0.09 0.0913076 1.5708 0 
0.649451 0.0583442 0.09 0.091543 1.5708 0 
0.649488 0.0583361 0.09 0.0917784 1.5708 0 
0.649525 0.0583279 0.09 0.0920138 1.5708 0 
0.649562 0.0583197 0.09 0.0922491 1.5708 0 
0.649599 0.0583114 0.09 0.0924845 1.5708 0 
0.649636 0.0583031 0.09 0.0927199 1.5708 0 
0.649673 0.0582949 0.09 0.0929553 1.5708 0 
0.64971 0.0582866 0.09 0.0931906 1.5708 0 
0.649748 0.0582782 0.09 0.093426 1.5708 0 
0.649786 0.0582699 0.09 0.0936614 1.5708 0 
0.649823 0.0582615 0.09 0.0938967 1.5708 0 
0.649861 0.0582531 0.09 0.094132 1.5708 0 
0.649899 0.0582447 0.09 0.0943674 1.5708 0 
0.649937 0.0582363 0.09 0.0946027 1.5708 0 
0.649975 0.0582278 0.09 0.094838 1.5708 0 
0.650013 0.0582193 0.09 0.0950734 1.5708 0 
0.650051 0.0582108 0.09 0.0953087 1.5708 0 
0.65009 0.0582023 0.09 0.095544 1.5708 0 
0.650128 0.0581938 0.09 0.0957793 1.5708 0 
0.650166 0.0581852 0.09 0.0960146 1.5708 0 
0.650205 0.0581766 0.09 0.0962498 1.5708 0 
0.650244 0.058168 0.09 0.0964851 1.5708 0 
0.650283 0.0581594 0.09 0.0967204 1.5708 0 
0.650322 0.0581508 0.09 0.0969557 1.5708 0 
0.650361 0.0581421 0.09 0.0971909 1.5708 0 
0.6504 0.0581334 0.09 0.0974262 1.5708 0 
0.650439 0.0581247 0.09 0.0976615 1.5708 0 
0.650478 0.058116 0.09 0.0978967 1.5708 0 
0.650518 0.0581072 0.09 0.0981319 1.5708 0 
0.650557 0.0580984 0.09 0.0983672 1.5708 0 
0.650597 0.0580896 0.09 0.0986024 1.5708 0 
0.650636 0.0580808 0.09 0.0988376 1.5708 0 
0.650676 0.058072 0.09 0.0990729 1.5708 0 
0.650716 0.0580631 0.09 0.0993081 1.5708 0 
0.650756 0.0580543 0.09 0.0995433 1.5708 0 
0.650796 0.0580454 0.09 0.0997785 1.5708 0 
0.650836 0.0580364 0.09 0.100014 1.5708 0 
0.650876 0.0580275 0.09 0.100249 1.5708 0 
0.650917 0.0580185 0.09 0.100484 1.5708 0 
0.650957 0.0580096 0.09 0.100719 1.5708 0 
0.650998 0.0580006 0.09 0.100954 1.5708 0 
0.651038 0.0579915 0.09 0.10119 1.5708 0 
0.651079 0.0579825 0.09 0.101425 1.5708 0 
0.65112 0.0579734 0.09 0.10166 1.5708 0 
0.65116 0.0579643 0.09 0.101895 1.5708 0 
0.651201 0.0579552 0.09 0.10213 1.5708 0 
0.651243 0.0579461 0.09 0.102365 1.5708 0 
0.651284 0.057937 0.09 0.1026 1.5708 0 
0.651325 0.0579278 0.09 0.102836 1.5708 0 
0.651366 0.0579186 0.09 0.103071 1.5708 0 
0.651408 0.0579094 0.09 0.103306 1.5708 0 
0.651449 0.0579002 0.09 0.103541 1.5708 0 
0.651491 0.0578909 0.09 0.103776 1.5708 0 
0.651533 0.0578816 0.09 0.104011 1.5708 0 
0.651574 0.0578723 0.09 0.104246 1.5708 0 
0.651616 0.057863 0.09 0.104481 1.5708 0 
0.651658 0.0578537 0.09 0.104716 1.5708 0 
0.6517 0.0578443 0.09 0.104952 1.5708 0 
0.651743 0.057835 0.09 0.105187 1.5708 0 
0.651785 0.0578256 0.09 0.105422 1.5708 0 
0.651827 0.0578162 0.09 0.105657 1.5708 0 
0.65187 0.0578067 0.09 0.105892 1.5708 0 
0.651912 0.0577973 0.09 0.106127 1.5708 0 
0.651955 0.0577878 0.09 0.106362 1.5708 0 
0.651998 0.0577783 0.09 0.106597 1.5708 0 
0.65204 0.0577688 0.09 0.106832 1.5708 0 
0.652083 0.0577593 0.09 0.107067 1.5708 0 
0.652126 0.0577497 0.09 0.107302 1.5708 0 
0.652169 0.0577401 0.09 0.107537 1.5708 0 
0.652213 0.0577305 0.09 0.107772 1.5708 0 
0.652256 0.0577209 0.09 0.108007 1.5708 0 
0.652299 0.0577113 0.09 0.108242 1.5708 0 
0.652343 0.0577016 0.09 0.108477 1.5708 0 
0.652386 0.057692 0.09 0.108712 1.5708 0 
0.65243 0.0576823 0.09 0.108947 1.5708 0 
0.652473 0.0576726 0.09 0.109182 1.5708 0 
0.652517 0.0576628 0.09 0.109417 1.5708 0 
0.652561 0.0576531 0.09 0.109652 1.5708 0 
0.652605 0.0576433 0.09 0.109887 1.5708 0 
0.652649 0.0576335 0.09 0.110122 1.5708 0 
0.652693 0.0576237 0.09 0.110357 1.5708 0 
0.652738 0.0576139 0.09 0.110592 1.5708 0 
0.652782 0.057604 0.09 0.110827 1.5708 0 
0.652826 0.0575942 0.09 0.111062 1.5708 0 
0.652871 0.0575843 0.09 0.111297 1.5708 0 
0.652915 0.0575744 0.09 0.111532 1.5708 0 
0.65296 0.0575644 0.09 0.111766 1.5708 0 
0.653005 0.0575545 0.09 0.112001 1.5708 0 
0.65305 0.0575445 0.09 0.112236 1.5708 0 
0.653095 0.0575345 0.09 0.112471 1.5708 0 
0.65314 0.0575245 0.09 0.112706 1.5708 0 
0.653185 0.0575145 0.09 0.112941 1.5708 0 
0.65323 0.0575044 0.09 0.113176 1.5708 0 
0.653275 0.0574944 0.09 0.113411 1.5708 0 
0.653321 0.0574843 0.09 0.113646 1.5708 0 
0.653366 0.0574742 0.09 0.113881 1.5708 0 
0.653412 0.0574641 0.09 0.114115 1.5708 0 
0.653457 0.0574539 0.09 0.11435 1.5708 0 
0.653503 0.0574438 0.09 0.114585 1.5708 0 
0.653549 0.0574336 0.09 0.11482 1.5708 0 
0.653595 0.0574234 0.09 0.115055 1.5708 0 
0.653641 0.0574132 0.09 0.11529 1.5708 0 
0.653687 0.057403 0.09 0.115525 1.5708 0 
0.653733 0.0573927 0.09 0.115759 1.5708 0 
0.653779 0.0573824 0.09 0.115994 1.5708 0 
0.653825 0.0573721 0.09 0.116229 1.5708 0 
0.653872 0.0573618 0.09 0.116464 1.5708 0 
0.653918 0.0573515 0.09 0.116699 1.5708 0 
0.653965 0.0573411 0.09 0.116933 1.5708 0 
0.654011 0.0573308 0.09 0.117168 1.5708 0 
0.654058 0.0573204 0.09 0.117403 1.5708 0 
0.654105 0.05731 0.09 0.117638 1.5708 0 
0.654152 0.0572996 0.09 0.117873 1.5708 0 
0.654199 0.0572891 0.09 0.118107 1.5708 0 
0.654246 0.0572787 0.09 0.118342 1.5708 0 
0.654293 0.0572682 0.09 0.118577 1.5708 0 
0.65434 0.0572577 0.09 0.118812 1.5708 0 
0.654388 0.0572472 0.09 0.119047 1.5708 0 
0.654435 0.0572366 0.09 0.119281 1.5708 0 
0.654483 0.0572261 0.09 0.119516 1.5708 0 
0.65453 0.0572155 0.09 0.119751 1.5708 0 
0.654578 0.0572049 0.09 0.119986 1.5708 0 
0.654625 0.0571943 0.09 0.12022 1.5708 0 
0.654673 0.0571837 0.09 0.120455 1.5708 0 
0.654721 0.0571731 0.09 0.12069 1.5708 0 
0.654769 0.0571624 0.09 0.120925 1.5708 0 
0.654817 0.0571517 0.09 0.121159 1.5708 0 
0.654865 0.057141 0.09 0.121394 1.5708 0 
0.654914 0.0571303 0.09 0.121629 1.5708 0 
0.654962 0.0571196 0.09 0.121863 1.5708 0 
0.65501 0.0571088 0.09 0.122098 1.5708 0 
0.655059 0.0570981 0.09 0.122333 1.5708 0 
0.655107 0.0570873 0.09 0.122567 1.5708 0 
0.655156 0.0570765 0.09 0.122802 1.5708 0 
0.655205 0.0570657 0.09 0.123037 1.5708 0 
0.655253 0.0570548 0.09 0.123272 1.5708 0 
0.655302 0.057044 0.09 0.123506 1.5708 0 
0.655351 0.0570331 0.09 0.123741 1.5708 0 
0.6554 0.0570222 0.09 0.123976 1.5708 0 
0.655449 0.0570113 0.09 0.12421 1.5708 0 
0.655498 0.0570004 0.09 0.124445 1.5708 0 
0.655548 0.0569894 0.09 0.12468 1.5708 0 
0.655597 0.0569785 0.09 0.124914 1.5708 0 
0.655646 0.0569675 0.09 0.125149 1.5708 0 
0.655696 0.0569565 0.09 0.125384 1.5708 0 
0.655745 0.0569455 0.09 0.125618 1.5708 0 
0.655795 0.0569344 0.09 0.125853 1.5708 0 
0.655845 0.0569234 0.09 0.126087 1.5708 0 
0.655895 0.0569123 0.09 0.126322 1.5708 0 
0.655944 0.0569012 0.09 0.126557 1.5708 0 
0.655994 0.0568901 0.09 0.126791 1.5708 0 
0.656044 0.056879 0.09 0.127026 1.5708 0 
0.656095 0.0568679 0.09 0.12726 1.5708 0 
0.656145 0.0568567 0.09 0.127495 1.5708 0 
0.656195 0.0568456 0.09 0.12773 1.5708 0 
0.656245 0.0568344 0.09 0.127964 1.5708 0 
0.656296 0.0568232 0.09 0.128199 1.5708 0 
0.656346 0.056812 0.09 0.128433 1.5708 0 
0.656397 0.0568007 0.09 0.128668 1.5708 0 
0.656447 0.0567895 0.09 0.128902 1.5708 0 
0.656498 0.0567782 0.09 0.129137 1.5708 0 
0.656549 0.0567669 0.09 0.129372 1.5708 0 
0.6566 0.0567556 0.09 0.129606 1.5708 0 
0.656651 0.0567443 0.09 0.129841 1.5708 0 
0.656702 0.056733 0.09 0.130075 1.5708 0 
0.656753 0.0567216 0.09 0.13031 1.5708 0 
0.656804 0.0567102 0.09 0.130544 1.5708 0 
0.656855 0.0566989 0.09 0.130779 1.5708 0 
0.656906 0.0566875 0.09 0.131013 1.5708 0 
0.656958 0.056676 0.09 0.131248 1.5708 0 
0.657009 0.0566646 0.09 0.131482 1.5708 0 
0.657061 0.0566531 0.09 0.131717 1.5708 0 
0.657112 0.0566417 0.09 0.131951 1.5708 0 
0.657164 0.0566302 0.09 0.132186 1.5708 0 
0.657216 0.0566187 0.09 0.13242 1.5708 0 
0.657268 0.0566072 0.09 0.132655 1.5708 0 
0.65732 0.0565957 0.09 0.132889 1.5708 0 
0.657372 0.0565841 0.09 0.133124 1.5708 0 
0.657424 0.0565725 0.09 0.133358 1.5708 0 
0.657476 0.056561 0.09 0.133593 1.5708 0 
0.657528 0.0565494 0.09 0.133827 1.5708 0 
0.65758 0.0565378 0.09 0.134062 1.5708 0 
0.657632 0.0565261 0.09 0.134296 1.5708 0 
0.657685 0.0565145 0.09 0.134531 1.5708 0 
0.657737 0.0565028 0.09 0.134765 1.5708 0 
0.65779 0.0564912 0.09 0.135 1.5708 0 
0.657842 0.0564795 0.09 0.135234 1.5708 0 
0.657895 0.0564678 0.09 0.135469 1.5708 0 
0.657948 0.056456 0.09 0.135703 1.5708 0 
0.658001 0.0564443 0.09 0.135938 1.5708 0 
0.658054 0.0564326 0.09 0.136172 1.5708 0 
0.658106 0.0564208 0.09 0.136406 1.5708 0 
0.658159 0.056409 0.09 0.136641 1.5708 0 
0.658213 0.0563972 0.09 0.136875 1.5708 0 
0.658266 0.0563854 0.09 0.13711 1.5708 0 
0.658319 0.0563736 0.09 0.137344 1.5708 0 
0.658372 0.0563617 0.09 0.137578 1.5708 0 
0.658426 0.0563499 0.09 0.137813 1.5708 0 
0.658479 0.056338 0.09 0.138047 1.5708 0 
0.658533 0.0563261 0.09 0.138282 1.5708 0 
0.658586 0.0563142 0.09 0.138516 1.5708 0 
0.65864 0.0563023 0.09 0.13875 1.5708 0 
0.658693 0.0562903 0.09 0.138985 1.5708 0 
0.658747 0.0562784 0.09 0.139219 1.5708 0 
0.658801 0.0562664 0.09 0.139454 1.5708 0 
0.658855 0.0562544 0.09 0.139688 1.5708 0 
0.658909 0.0562425 0.09 0.139922 1.5708 0 
0.658963 0.0562304 0.09 0.140157 1.5708 0 
0.659017 0.0562184 0.09 0.140391 1.5708 0 
0.659071 0.0562064 0.09 0.140625 1.5708 0 
0.659125 0.0561943 0.09 0.14086 1.5708 0 
0.65918 0.0561823 0.09 0.141094 1.5708 0 
0.659234 0.0561702 0.09 0.141328 1.5708 0 
0.659289 0.0561581 0.09 0.141563 1.5708 0 
0.659343 0.056146 0.09 0.141797 1.5708 0 
0.659398 0.0561339 0.09 0.142031 1.5708 0 
0.659452 0.0561217 0.09 0.142266 1.5708 0 
0.659507 0.0561096 0.09 0.1425 1.5708 0 
0.659562 0.0560974 0.09 0.142734 1.5708 0 
0.659617 0.0560852 0.09 0.142969 1.5708 0 
0.659671 0.056073 0.09 0.143203 1.5708 0 
0.659726 0.0560608 0.09 0.143437 1.5708 0 
0.659781 0.0560486 0.09 0.143672 1.5708 0 
0.659836 0.0560363 0.09 0.143906 1.5708 0 
0.659892 0.0560241 0.09 0.14414 1.5708 0 
0.659947 0.0560118 0.09 0.144374 1.5708 0 
0.660002 0.0559995 0.09 0.144609 1.5708 0 
0.660057 0.0559873 0.09 0.144843 1.5708 0 
0.660113 0.0559749 0.09 0.145077 1.5708 0 
0.660168 0.0559626 0.09 0.145312 1.5708 0 
0.660224 0.0559503 0.09 0.145546 1.5708 0 
0.660279 0.0559379 0.09 0.14578 1.5708 0 
0.660335 0.0559256 0.09 0.146014 1.5708 0 
0.660391 0.0559132 0.09 0.146249 1.5708 0 
0.660446 0.0559008 0.09 0.146483 1.5708 0 
0.660502 0.0558884 0.09 0.146717 1.5708 0 
0.660558 0.055876 0.09 0.146951 1.5708 0 
0.660614 0.0558636 0.09 0.147186 1.5708 0 
0.66067 0.0558511 0.09 0.14742 1.5708 0 
0.660726 0.0558387 0.09 0.147654 1.5708 0 
0.660782 0.0558262 0.09 0.147888 1.5708 0 
0.660838 0.0558137 0.09 0.148123 1.5708 0 
0.660895 0.0558012 0.09 0.148357 1.5708 0 
0.660951 0.0557887 0.09 0.148591 1.5708 0 
0.661007 0.0557762 0.09 0.148825 1.5708 0 
0.661064 0.0557636 0.09 0.149059 1.5708 0 
0.66112 0.0557511 0.09 0.149294 1.5708 0 
0.661177 0.0557385 0.09 0.149528 1.5708 0 
0.661233 0.055726 0.09 0.149762 1.5708 0 
0.66129 0.0557134 0.09 0.149996 1.5708 0 
0.661347 0.0557008 0.09 0.150231 1.5708 0 
0.661403 0.0556881 0.09 0.150465 1.5708 0 
0.66146 0.0556755 0.09 0.150699 1.5708 0 
0.661517 0.0556629 0.09 0.150933 1.5708 0 
0.661574 0.0556502 0.09 0.151167 1.5708 0 
0.661631 0.0556376 0.09 0.151401 1.5708 0 
0.661688 0.0556249 0.09 0.151636 1.5708 0 
0.661745 0.0556122 0.09 0.15187 1.5708 0 
0.661802 0.0555995 0.09 0.152104 1.5708 0 
0.661859 0.0555868 0.09 0.152338 1.5708 0 
0.661917 0.0555741 0.09 0.152572 1.5708 0 
0.661974 0.0555613 0.09 0.152806 1.5708 0 
0.662031 0.0555486 0.09 0.15304 1.5708 0 
0.662089 0.0555358 0.09 0.153275 1.5708 0 
0.662146 0.055523 0.09 0.153509 1.5708 0 
0.662204 0.0555102 0.09 0.153743 1.5708 0 
0.662261 0.0554974 0.09 0.153977 1.5708 0 
0.662319 0.0554846 0.09 0.154211 1.5708 0 
0.662377 0.0554718 0.09 0.154445 1.5708 0 
0.662435 0.055459 0.09 0.154679 1.5708 0 
0.662492 0.0554461 0.09 0.154914 1.5708 0 
0.66255 0.0554333 0.09 0.155148 1.5708 0 
0.662608 0.0554204 0.09 0.155382 1.5708 0 
0.662666 0.0554075 0.09 0.155616 1.5708 0 
0.662724 0.0553946 0.09 0.15585 1.5708 0 
0.662782 0.0553817 0.09 0.156084 1.5708 0 
0.66284 0.0553688 0.09 0.156318 1.5708 0 
0.662899 0.0553559 0.09 0.156552 1.5708 0 
0.662957 0.0553429 0.09 0.156786 1.5708 0 
0.663015 0.05533 0.09 0.157021 1.5708 0 
0.663073 0.055317 0.09 0.157255 1.5708 0 
0.663132 0.055304 0.09 0.157489 1.5708 0 
0.66319 0.055291 0.09 0.157723 1.5708 0 
0.663249 0.055278 0.09 0.157957 1.5708 0 
0.663307 0.055265 0.09 0.158191 1.5708 0 
0.663366 0.055252 0.09 0.158425 1.5708 0 
0.663425 0.055239 0.09 0.158659 1.5708 0 
0.663483 0.0552259 0.09 0.158893 1.5708 0 
0.663542 0.0552129 0.09 0.159127 1.5708 0 
0.663601 0.0551998 0.09 0.159361 1.5708 0 
0.66366 0.0551867 0.09 0.159595 1.5708 0 
0.663719 0.0551737 0.09 0.159829 1.5708 0 
0.663778 0.0551606 0.09 0.160063 1.5708 0 
0.663836 0.0551474 0.09 0.160297 1.5708 0 
0.663896 0.0551343 0.09 0.160531 1.5708 0 
0.663955 0.0551212 0.09 0.160765 1.5708 0 
0.664014 0.0551081 0.09 0.160999 1.5708 0 
0.664073 0.0550949 0.09 0.161233 1.5708 0 
0.664132 0.0550817 0.09 0.161467 1.5708 0 
0.664191 0.0550686 0.09 0.161701 1.5708 0 
0.664251 0.0550554 0.09 0.161936 1.5708 0 
0.66431 0.0550422 0.09 0.16217 1.5708 0 
0.66437 0.055029 0.09 0.162404 1.5708 0 
0.664429 0.0550158 0.09 0.162638 1.5708 0 
0.664489 0.0550025 0.09 0.162872 1.5708 0 
0.664548 0.0549893 0.09 0.163106 1.5708 0 
0.664608 0.0549761 0.09 0.16334 1.5708 0 
0.664667 0.0549628 0.09 0.163574 1.5708 0 
0.664727 0.0549495 0.09 0.163808 1.5708 0 
0.664787 0.0549363 0.09 0.164042 1.5708 0 
0.664847 0.054923 0.09 0.164276 1.5708 0 
0.664906 0.0549097 0.09 0.16451 1.5708 0 
0.664966 0.0548964 0.09 0.164744 1.5708 0 
0.665026 0.0548831 0.09 0.164978 1.5708 0 
0.665086 0.0548697 0.09 0.165212 1.5708 0 
0.665146 0.0548564 0.09 0.165445 1.5708 0 
0.665206 0.054843 0.09 0.165679 1.5708 0 
0.665266 0.0548297 0.09 0.165913 1.5708 0 
0.665327 0.0548163 0.09 0.166147 1.5708 0 
0.665387 0.0548029 0.09 0.166381 1.5708 0 
0.665447 0.0547896 0.09 0.166615 1.5708 0 
0.665507 0.0547762 0.09 0.166849 1.5708 0 
0.665568 0.0547628 0.09 0.167083 1.5708 0 
0.665628 0.0547494 0.09 0.167317 1.5708 0 
0.665688 0.0547359 0.09 0.167551 1.5708 0 
0.665749 0.0547225 0.09 0.167785 1.5708 0 
0.665809 0.0547091 0.09 0.168019 1.5708 0 
0.66587 0.0546956 0.09 0.168253 1.5708 0 
0.66593 0.0546821 0.09 0.168487 1.5708 0 
0.665991 0.0546687 0.09 0.168721 1.5708 0 
0.666052 0.0546552 0.09 0.168954 1.5708 0 
0.666112 0.0546417 0.09 0.169188 1.5708 0 
0.666173 0.0546282 0.09 0.169422 1.5708 0 
0.666234 0.0546147 0.09 0.169656 1.5708 0 
0.666295 0.0546012 0.09 0.16989 1.5708 0 
0.666355 0.0545877 0.09 0.170124 1.5708 0 
0.666416 0.0545741 0.09 0.170358 1.5708 0 
0.666477 0.0545606 0.09 0.170592 1.5708 0 
0.666538 0.054547 0.09 0.170826 1.5708 0 
0.666599 0.0545335 0.09 0.17106 1.5708 0 
0.66666 0.0545199 0.09 0.171294 1.5708 0 
0.666721 0.0545063 0.09 0.171528 1.5708 0 
0.666783 0.0544928 0.09 0.171761 1.5708 0 
0.666844 0.0544792 0.09 0.171995 1.5708 0 
0.666905 0.0544656 0.09 0.172229 1.5708 0 
0.666966 0.054452 0.09 0.172463 1.5708 0 
0.667028 0.0544383 0.09 0.172697 1.5708 0 
0.667089 0.0544247 0.09 0.172931 1.5708 0 
0.66715 0.0544111 0.09 0.173165 1.5708 0 
0.667212 0.0543974 0.09 0.173399 1.5708 0 
0.667273 0.0543838 0.09 0.173632 1.5708 0 
0.667334 0.0543701 0.09 0.173866 1.5708 0 
0.667396 0.0543564 0.09 0.1741 1.5708 0 
0.667458 0.0543428 0.09 0.174334 1.5708 0 
0.667519 0.0543291 0.09 0.174568 1.5708 0 
0.667581 0.0543154 0.09 0.174802 1.5708 0 
0.667642 0.0543017 0.09 0.175035 1.5708 0 
0.667704 0.054288 0.09 0.175269 1.5708 0 
0.667766 0.0542743 0.09 0.175503 1.5708 0 
0.667828 0.0542606 0.09 0.175737 1.5708 0 
0.667889 0.0542468 0.09 0.175971 1.5708 0 
0.667951 0.0542331 0.09 0.176205 1.5708 0 
0.668013 0.0542193 0.09 0.176438 1.5708 0 
0.668075 0.0542056 0.09 0.176672 1.5708 0 
0.668137 0.0541918 0.09 0.176906 1.5708 0 
0.668199 0.054178 0.09 0.17714 1.5708 0 
0.668261 0.0541643 0.09 0.177374 1.5708 0 
0.668323 0.0541505 0.09 0.177608 1.5708 0 
0.668385 0.0541367 0.09 0.177841 1.5708 0 
0.668447 0.0541229 0.09 0.178075 1.5708 0 
0.668509 0.0541091 0.09 0.178309 1.5708 0 
0.668571 0.0540953 0.09 0.178543 1.5708 0 
0.668633 0.0540815 0.09 0.178777 1.5708 0 
0.668696 0.0540676 0.09 0.17901 1.5708 0 
0.668758 0.0540538 0.09 0.179244 1.5708 0 
0.66882 0.0540399 0.09 0.179478 1.5708 0 
0.668883 0.0540261 0.09 0.179712 1.5708 0 
0.668945 0.0540122 0.09 0.179946 1.5708 0 
0.669007 0.0539984 0.09 0.180179 1.5708 0 
0.66907 0.0539845 0.09 0.180413 1.5708 0 
0.669132 0.0539706 0.09 0.180647 1.5708 0 
0.669195 0.0539567 0.09 0.180881 1.5708 0 
0.669257 0.0539429 0.09 0.181115 1.5708 0 
0.66932 0.053929 0.09 0.181348 1.5708 0 
0.669382 0.0539151 0.09 0.181582 1.5708 0 
0.669445 0.0539011 0.09 0.181816 1.5708 0 
0.669507 0.0538872 0.09 0.18205 1.5708 0 
0.66957 0.0538733 0.09 0.182283 1.5708 0 
0.669633 0.0538594 0.09 0.182517 1.5708 0 
0.669696 0.0538454 0.09 0.182751 1.5708 0 
0.669758 0.0538315 0.09 0.182984 1.5708 0 
0.669821 0.0538175 0.09 0.183218 1.5708 0 
0.669884 0.0538036 0.09 0.183452 1.5708 0 
0.669947 0.0537896 0.09 0.183686 1.5708 0 
0.67001 0.0537757 0.09 0.183919 1.5708 0 
0.670072 0.0537617 0.09 0.184153 1.5708 0 
0.670135 0.0537477 0.09 0.184387 1.5708 0 
0.670198 0.0537337 0.09 0.184621 1.5708 0 
0.670261 0.0537197 0.09 0.184854 1.5708 0 
0.670324 0.0537057 0.09 0.185088 1.5708 0 
0.670387 0.0536917 0.09 0.185322 1.5708 0 
0.67045 0.0536777 0.09 0.185556 1.5708 0 
0.670513 0.0536637 0.09 0.185789 1.5708 0 
0.670576 0.0536497 0.09 0.186023 1.5708 0 
0.67064 0.0536357 0.09 0.186257 1.5708 0 
0.670703 0.0536216 0.09 0.18649 1.5708 0 
0.670766 0.0536076 0.09 0.186724 1.5708 0 
0.670829 0.0535935 0.09 0.186958 1.5708 0 
0.670892 0.0535795 0.09 0.187192 1.5708 0 
0.670956 0.0535654 0.09 0.187425 1.5708 0 
0.671019 0.0535514 0.09 0.187659 1.5708 0 
0.671082 0.0535373 0.09 0.187893 1.5708 0 
0.671145 0.0535232 0.09 0.188127 1.5708 0 
0.671209 0.0535092 0.09 0.18836 1.5708 0 
0.671272 0.0534951 0.09 0.188594 1.5708 0 
0.671336 0.053481 0.09 0.188828 1.5708 0 
0.671399 0.0534669 0.09 0.189061 1.5708 0 
0.671462 0.0534528 0.09 0.189295 1.5708 0 
0.671526 0.0534387 0.09 0.189529 1.5708 0 
0.671589 0.0534246 0.09 0.189762 1.5708 0 
0.671653 0.0534105 0.09 0.189996 1.5708 0 
0.671716 0.0533963 0.09 0.19023 1.5708 0 
0.67178 0.0533822 0.09 0.190463 1.5708 0 
0.671844 0.0533681 0.09 0.190697 1.5708 0 
0.671907 0.053354 0.09 0.190931 1.5708 0 
0.671971 0.0533398 0.09 0.191164 1.5708 0 
0.672034 0.0533257 0.09 0.191398 1.5708 0 
0.672098 0.0533115 0.09 0.191631 1.5708 0 
0.672162 0.0532974 0.09 0.191865 1.5708 0 
0.672225 0.0532832 0.09 0.192099 1.5708 0 
0.672289 0.0532691 0.09 0.192332 1.5708 0 
0.672353 0.0532549 0.09 0.192566 1.5708 0 
0.672417 0.0532407 0.09 0.1928 1.5708 0 
0.672481 0.0532266 0.09 0.193033 1.5708 0 
0.672544 0.0532124 0.09 0.193267 1.5708 0 
0.672608 0.0531982 0.09 0.193501 1.5708 0 
0.672672 0.053184 0.09 0.193734 1.5708 0 
0.672736 0.0531698 0.09 0.193968 1.5708 0 
0.6728 0.0531556 0.09 0.194202 1.5708 0 
0.672864 0.0531414 0.09 0.194435 1.5708 0 
0.672928 0.0531272 0.09 0.194669 1.5708 0 
0.672992 0.053113 0.09 0.194903 1.5708 0 
0.673055 0.0530988 0.09 0.195136 1.5708 0 
0.673119 0.0530846 0.09 0.19537 1.5708 0 
0.673183 0.0530703 0.09 0.195603 1.5708 0 
0.673247 0.0530561 0.09 0.195837 1.5708 0 
0.673312 0.0530419 0.09 0.196071 1.5708 0 
0.673376 0.0530277 0.09 0.196304 1.5708 0 
0.67344 0.0530134 0.09 0.196538 1.5708 0 
0.673504 0.0529992 0.09 0.196772 1.5708 0 
0.673568 0.0529849 0.09 0.197005 1.5708 0 
0.673632 0.0529707 0.09 0.197239 1.5708 0 
0.673696 0.0529564 0.09 0.197472 1.5708 0 
0.67376 0.0529422 0.09 0.197706 1.5708 0 
0.673824 0.0529279 0.09 0.19794 1.5708 0 
0.673889 0.0529137 0.09 0.198173 1.5708 0 
0.673953 0.0528994 0.09 0.198407 1.5708 0 
0.674017 0.0528851 0.09 0.19864 1.5708 0 
0.674081 0.0528709 0.09 0.198874 1.5708 0 
0.674145 0.0528566 0.09 0.199108 1.5708 0 
0.67421 0.0528423 0.09 0.199341 1.5708 0 
0.674274 0.052828 0.09 0.199575 1.5708 0 
0.674338 0.0528137 0.09 0.199808 1.5708 0 
0.674403 0.0527994 0.09 0.200042 1.5708 0 
0.674467 0.0527851 0.09 0.200275 1.5708 0 
0.674531 0.0527709 0.09 0.200509 1.5708 0 
0.674595 0.0527566 0.09 0.200742 1.5708 0 
0.67466 0.0527423 0.09 0.200976 1.5708 0 
0.674724 0.052728 0.09 0.20121 1.5708 0 
0.674789 0.0527136 0.09 0.201443 1.5708 0 
0.674853 0.0526993 0.09 0.201677 1.5708 0 
0.674917 0.052685 0.09 0.20191 1.5708 0 
0.674982 0.0526707 0.09 0.202144 1.5708 0 
0.675046 0.0526564 0.09 0.202377 1.5708 0 
0.675111 0.0526421 0.09 0.202611 1.5708 0 
0.675175 0.0526277 0.09 0.202845 1.5708 0 
0.67524 0.0526134 0.09 0.203078 1.5708 0 
0.675304 0.0525991 0.09 0.203312 1.5708 0 
0.675369 0.0525848 0.09 0.203545 1.5708 0 
0.675433 0.0525704 0.09 0.203779 1.5708 0 
0.675498 0.0525561 0.09 0.204012 1.5708 0 
0.675562 0.0525418 0.09 0.204246 1.5708 0 
0.675627 0.0525274 0.09 0.204479 1.5708 0 
0.675691 0.0525131 0.09 0.204713 1.5708 0 
0.675756 0.0524987 0.09 0.204947 1.5708 0 
0.67582 0.0524844 0.09 0.20518 1.5708 0 
0.675885 0.05247 0.09 0.205414 1.5708 0 
0.675949 0.0524557 0.09 0.205647 1.5708 0 
0.676014 0.0524413 0.09 0.205881 1.5708 0 
0.676079 0.052427 0.09 0.206114 1.5708 0 
0.676143 0.0524126 0.09 0.206348 1.5708 0 
0.676208 0.0523982 0.09 0.206581 1.5708 0 
0.676273 0.0523839 0.09 0.206815 1.5708 0 
0.676337 0.0523695 0.09 0.207049 1.5708 0 
0.676402 0.0523552 0.09 0.207282 1.5708 0 
0.676466 0.0523408 0.09 0.207516 1.5708 0 
0.676531 0.0523264 0.09 0.207749 1.5708 0 
0.676596 0.052312 0.09 0.207983 1.5708 0 
0.67666 0.0522977 0.09 0.208216 1.5708 0 
0.676725 0.0522833 0.09 0.20845 1.5708 0 
0.67679 0.0522689 0.09 0.208683 1.5708 0 
0.676855 0.0522545 0.09 0.208916 1.5708 0 
0.676919 0.0522402 0.09 0.20915 1.5708 0 
0.676984 0.0522258 0.09 0.209383 1.5708 0 
0.677049 0.0522114 0.09 0.209617 1.5708 0 
0.677113 0.052197 0.09 0.20985 1.5708 0 
0.677178 0.0521826 0.09 0.210084 1.5708 0 
0.677243 0.0521683 0.09 0.210317 1.5708 0 
0.677308 0.0521539 0.09 0.210551 1.5708 0 
0.677372 0.0521395 0.09 0.210784 1.5708 0 
0.677437 0.0521251 0.09 0.211018 1.5708 0 
0.677502 0.0521107 0.09 0.211251 1.5708 0 
0.677567 0.0520963 0.09 0.211485 1.5708 0 
0.677631 0.0520819 0.09 0.211718 1.5708 0 
0.677696 0.0520675 0.09 0.211952 1.5708 0 
0.677761 0.0520531 0.09 0.212185 1.5708 0 
0.677826 0.0520387 0.09 0.212419 1.5708 0 
0.677891 0.0520243 0.09 0.212652 1.5708 0 
0.677955 0.0520099 0.09 0.212886 1.5708 0 
0.67802 0.0519955 0.09 0.213119 1.5708 0 
0.678085 0.0519811 0.09 0.213353 1.5708 0 
0.67815 0.0519667 0.09 0.213586 1.5708 0 
0.678215 0.0519523 0.09 0.21382 1.5708 0 
0.678279 0.0519379 0.09 0.214053 1.5708 0 
0.678344 0.0519235 0.09 0.214287 1.5708 0 
0.678409 0.0519091 0.09 0.21452 1.5708 0 
0.678474 0.0518947 0.09 0.214754 1.5708 0 
0.678539 0.0518803 0.09 0.214987 1.5708 0 
0.678603 0.0518659 0.09 0.215221 1.5708 0 
0.678668 0.0518515 0.09 0.215454 1.5708 0 
0.678733 0.0518371 0.09 0.215688 1.5708 0 
0.678798 0.0518227 0.09 0.215921 1.5708 0 
0.678863 0.0518083 0.09 0.216154 1.5708 0 
0.678928 0.0517939 0.09 0.216388 1.5708 0 
0.678992 0.0517795 0.09 0.216621 1.5708 0 
0.679057 0.0517651 0.09 0.216855 1.5708 0 
0.679122 0.0517507 0.09 0.217088 1.5708 0 
0.679187 0.0517363 0.09 0.217322 1.5708 0 
0.679252 0.0517218 0.09 0.217555 1.5708 0 
0.679317 0.0517074 0.09 0.217789 1.5708 0 
0.679381 0.051693 0.09 0.218022 1.5708 0 
0.679446 0.0516786 0.09 0.218255 1.5708 0 
0.679511 0.0516642 0.09 0.218489 1.5708 0 
0.679576 0.0516498 0.09 0.218722 1.5708 0 
0.679641 0.0516354 0.09 0.218956 1.5708 0 
0.679706 0.051621 0.09 0.219189 1.5708 0 
0.67977 0.0516066 0.09 0.219422 1.5708 0 
0.679835 0.0515922 0.09 0.219656 1.5708 0 
0.6799 0.0515778 0.09 0.219889 1.5708 0 
0.679965 0.0515634 0.09 0.220123 1.5708 0 
0.68003 0.051549 0.09 0.220356 1.5708 0 
0.680094 0.0515346 0.09 0.22059 1.5708 0 
0.680159 0.0515202 0.09 0.220823 1.5708 0 
0.680224 0.0515058 0.09 0.221056 1.5708 0 
0.680289 0.0514914 0.09 0.22129 1.5708 0 
0.680354 0.051477 0.09 0.221523 1.5708 0 
0.680419 0.0514626 0.09 0.221757 1.5708 0 
0.680483 0.0514481 0.09 0.22199 1.5708 0 
0.680548 0.0514337 0.09 0.222223 1.5708 0 
0.680613 0.0514193 0.09 0.222457 1.5708 0 
0.680678 0.0514049 0.09 0.22269 1.5708 0 
0.680743 0.0513906 0.09 0.222924 1.5708 0 
0.680807 0.0513762 0.09 0.223157 1.5708 0 
0.680872 0.0513618 0.09 0.223391 1.5708 0 
0.680937 0.0513474 0.09 0.223624 1.5708 0 
0.681002 0.051333 0.09 0.223857 1.5708 0 
0.681066 0.0513186 0.09 0.224091 1.5708 0 
0.681131 0.0513042 0.09 0.224324 1.5708 0 
0.681196 0.0512898 0.09 0.224558 1.5708 0 
0.681261 0.0512754 0.09 0.224791 1.5708 0 
0.681325 0.051261 0.09 0.225025 1.5708 0 
0.68139 0.0512466 0.09 0.225258 1.5708 0 
0.681455 0.0512322 0.09 0.225491 1.5708 0 
0.68152 0.0512178 0.09 0.225725 1.5708 0 
0.681584 0.0512035 0.09 0.225958 1.5708 0 
0.681649 0.0511891 0.09 0.226192 1.5708 0 
0.681714 0.0511747 0.09 0.226425 1.5708 0 
0.681779 0.0511603 0.09 0.226658 1.5708 0 
0.681843 0.0511459 0.09 0.226892 1.5708 0 
0.681908 0.0511316 0.09 0.227125 1.5708 0 
0.681973 0.0511172 0.09 0.227359 1.5708 0 
0.682037 0.0511028 0.09 0.227592 1.5708 0 
0.682102 0.0510884 0.09 0.227825 1.5708 0 
0.682167 0.0510741 0.09 0.228059 1.5708 0 
0.682231 0.0510597 0.09 0.228292 1.5708 0 
0.682296 0.0510453 0.09 0.228525 1.5708 0 
0.682361 0.051031 0.09 0.228759 1.5708 0 
0.682425 0.0510166 0.09 0.228992 1.5708 0 
0.68249 0.0510022 0.09 0.229225 1.5708 0 
0.682555 0.0509879 0.09 0.229459 1.5708 0 
0.682619 0.0509735 0.09 0.229692 1.5708 0 
0.682684 0.0509592 0.09 0.229925 1.5708 0 
0.682748 0.0509448 0.09 0.230159 1.5708 0 
0.682813 0.0509304 0.09 0.230392 1.5708 0 
0.682878 0.0509161 0.09 0.230625 1.5708 0 
0.682942 0.0509017 0.09 0.230859 1.5708 0 
0.683007 0.0508874 0.09 0.231092 1.5708 0 
0.683071 0.0508731 0.09 0.231326 1.5708 0 
0.683136 0.0508587 0.09 0.231559 1.5708 0 
0.6832 0.0508444 0.09 0.231792 1.5708 0 
0.683265 0.05083 0.09 0.232026 1.5708 0 
0.683329 0.0508157 0.09 0.232259 1.5708 0 
0.683394 0.0508014 0.09 0.232492 1.5708 0 
0.683458 0.050787 0.09 0.232726 1.5708 0 
0.683523 0.0507727 0.09 0.232959 1.5708 0 
0.683587 0.0507584 0.09 0.233192 1.5708 0 
0.683652 0.050744 0.09 0.233426 1.5708 0 
0.683716 0.0507297 0.09 0.233659 1.5708 0 
0.683781 0.0507154 0.09 0.233893 1.5708 0 
0.683845 0.0507011 0.09 0.234126 1.5708 0 
0.68391 0.0506868 0.09 0.234359 1.5708 0 
0.683974 0.0506725 0.09 0.234593 1.5708 0 
0.684038 0.0506581 0.09 0.234826 1.5708 0 
0.684103 0.0506438 0.09 0.235059 1.5708 0 
0.684167 0.0506295 0.09 0.235293 1.5708 0 
0.684231 0.0506152 0.09 0.235526 1.5708 0 
0.684296 0.0506009 0.09 0.235759 1.5708 0 
0.68436 0.0505866 0.09 0.235993 1.5708 0 
0.684424 0.0505724 0.09 0.236226 1.5708 0 
0.684489 0.0505581 0.09 0.23646 1.5708 0 
0.684553 0.0505438 0.09 0.236693 1.5708 0 
0.684617 0.0505295 0.09 0.236926 1.5708 0 
0.684682 0.0505152 0.09 0.23716 1.5708 0 
0.684746 0.0505009 0.09 0.237393 1.5708 0 
0.68481 0.0504867 0.09 0.237626 1.5708 0 
0.684874 0.0504724 0.09 0.23786 1.5708 0 
0.684938 0.0504581 0.09 0.238093 1.5708 0 
0.685003 0.0504438 0.09 0.238326 1.5708 0 
0.685067 0.0504296 0.09 0.23856 1.5708 0 
0.685131 0.0504153 0.09 0.238793 1.5708 0 
0.685195 0.0504011 0.09 0.239026 1.5708 0 
0.685259 0.0503868 0.09 0.239259 1.5708 0 
0.685323 0.0503726 0.09 0.239493 1.5708 0 
0.685388 0.0503583 0.09 0.239726 1.5708 0 
0.685452 0.0503441 0.09 0.239959 1.5708 0 
0.685516 0.0503298 0.09 0.240193 1.5708 0 
0.68558 0.0503156 0.09 0.240426 1.5708 0 
0.685644 0.0503014 0.09 0.240659 1.5708 0 
0.685708 0.0502871 0.09 0.240893 1.5708 0 
0.685772 0.0502729 0.09 0.241126 1.5708 0 
0.685836 0.0502587 0.09 0.241359 1.5708 0 
0.6859 0.0502445 0.09 0.241592 1.5708 0 
0.685964 0.0502303 0.09 0.241826 1.5708 0 
0.686028 0.0502161 0.09 0.242059 1.5708 0 
0.686092 0.0502018 0.09 0.242292 1.5708 0 
0.686156 0.0501876 0.09 0.242526 1.5708 0 
0.686219 0.0501734 0.09 0.242759 1.5708 0 
0.686283 0.0501593 0.09 0.242992 1.5708 0 
0.686347 0.0501451 0.09 0.243226 1.5708 0 
0.686411 0.0501309 0.09 0.243459 1.5708 0 
0.686475 0.0501167 0.09 0.243692 1.5708 0 
0.686539 0.0501025 0.09 0.243925 1.5708 0 
0.686603 0.0500883 0.09 0.244159 1.5708 0 
0.686666 0.0500742 0.09 0.244392 1.5708 0 
0.68673 0.05006 0.09 0.244625 1.5708 0 
0.686794 0.0500458 0.09 0.244859 1.5708 0 
0.686858 0.0500317 0.09 0.245092 1.5708 0 
0.686921 0.0500175 0.09 0.245325 1.5708 0 
0.686985 0.0500034 0.09 0.245559 1.5708 0 
0.687049 0.0499892 0.09 0.245792 1.5708 0 
0.687112 0.0499751 0.09 0.246025 1.5708 0 
0.687176 0.0499609 0.09 0.246259 1.5708 0 
0.687239 0.0499468 0.09 0.246492 1.5708 0 
0.687303 0.0499327 0.09 0.246725 1.5708 0 
0.687367 0.0499185 0.09 0.246959 1.5708 0 
0.68743 0.0499044 0.09 0.247192 1.5708 0 
0.687494 0.0498903 0.09 0.247425 1.5708 0 
0.687557 0.0498762 0.09 0.247659 1.5708 0 
0.687621 0.0498621 0.09 0.247892 1.5708 0 
0.687684 0.049848 0.09 0.248125 1.5708 0 
0.687748 0.0498339 0.09 0.248358 1.5708 0 
0.687811 0.0498198 0.09 0.248592 1.5708 0 
0.687874 0.0498057 0.09 0.248825 1.5708 0 
0.687938 0.0497916 0.09 0.249058 1.5708 0 
0.688001 0.0497775 0.09 0.249292 1.5708 0 
0.688065 0.0497634 0.09 0.249525 1.5708 0 
0.688128 0.0497494 0.09 0.249758 1.5708 0 
0.688191 0.0497353 0.09 0.249991 1.5708 0 
0.688254 0.0497212 0.09 0.250225 1.5708 0 
0.688318 0.0497072 0.09 0.250458 1.5708 0 
0.688381 0.0496931 0.09 0.250691 1.5708 0 
0.688444 0.0496791 0.09 0.250924 1.5708 0 
0.688507 0.049665 0.09 0.251158 1.5708 0 
0.688571 0.049651 0.09 0.251391 1.5708 0 
0.688634 0.049637 0.09 0.251624 1.5708 0 
0.688697 0.0496229 0.09 0.251858 1.5708 0 
0.68876 0.0496089 0.09 0.252091 1.5708 0 
0.688823 0.0495949 0.09 0.252324 1.5708 0 
0.688886 0.0495809 0.09 0.252557 1.5708 0 
0.688949 0.0495669 0.09 0.252791 1.5708 0 
0.689012 0.0495529 0.09 0.253024 1.5708 0 
0.689075 0.0495389 0.09 0.253257 1.5708 0 
0.689138 0.0495249 0.09 0.25349 1.5708 0 
0.689201 0.0495109 0.09 0.253724 1.5708 0 
0.689264 0.0494969 0.09 0.253957 1.5708 0 
0.689327 0.0494829 0.09 0.25419 1.5708 0 
0.68939 0.049469 0.09 0.254423 1.5708 0 
0.689453 0.049455 0.09 0.254657 1.5708 0 
0.689515 0.049441 0.09 0.25489 1.5708 0 
0.689578 0.0494271 0.09 0.255123 1.5708 0 
0.689641 0.0494131 0.09 0.255357 1.5708 0 
0.689704 0.0493992 0.09 0.25559 1.5708 0 
0.689766 0.0493852 0.09 0.255823 1.5708 0 
0.689829 0.0493713 0.09 0.256056 1.5708 0 
0.689892 0.0493574 0.09 0.25629 1.5708 0 
0.689954 0.0493435 0.09 0.256523 1.5708 0 
0.690017 0.0493295 0.09 0.256756 1.5708 0 
0.69008 0.0493156 0.09 0.256989 1.5708 0 
0.690142 0.0493017 0.09 0.257223 1.5708 0 
0.690205 0.0492878 0.09 0.257456 1.5708 0 
0.690267 0.0492739 0.09 0.257689 1.5708 0 
0.69033 0.04926 0.09 0.257923 1.5708 0 
0.690392 0.0492462 0.09 0.258156 1.5708 0 
0.690455 0.0492323 0.09 0.258389 1.5708 0 
0.690517 0.0492184 0.09 0.258622 1.5708 0 
0.69058 0.0492045 0.09 0.258856 1.5708 0 
0.690642 0.0491907 0.09 0.259089 1.5708 0 
0.690704 0.0491768 0.09 0.259322 1.5708 0 
0.690767 0.049163 0.09 0.259555 1.5708 0 
0.690829 0.0491491 0.09 0.259789 1.5708 0 
0.690891 0.0491353 0.09 0.260022 1.5708 0 
0.690953 0.0491215 0.09 0.260255 1.5708 0 
0.691016 0.0491077 0.09 0.260489 1.5708 0 
0.691078 0.0490938 0.09 0.260722 1.5708 0 
0.69114 0.04908 0.09 0.260955 1.5708 0 
0.691202 0.0490662 0.09 0.261188 1.5708 0 
0.691264 0.0490524 0.09 0.261422 1.5708 0 
0.691326 0.0490386 0.09 0.261655 1.5708 0 
0.691388 0.0490248 0.09 0.261888 1.5708 0 
0.69145 0.0490111 0.09 0.262121 1.5708 0 
0.691512 0.0489973 0.09 0.262355 1.5708 0 
0.691574 0.0489835 0.09 0.262588 1.5708 0 
0.691636 0.0489698 0.09 0.262821 1.5708 0 
0.691698 0.048956 0.09 0.263054 1.5708 0 
0.69176 0.0489422 0.09 0.263287 1.5708 0 
0.691822 0.0489285 0.09 0.263521 1.5708 0 
0.691884 0.0489148 0.09 0.263754 1.5708 0 
0.691945 0.048901 0.09 0.263987 1.5708 0 
0.692007 0.0488873 0.09 0.26422 1.5708 0 
0.692069 0.0488736 0.09 0.264454 1.5708 0 
0.692131 0.0488599 0.09 0.264687 1.5708 0 
0.692192 0.0488462 0.09 0.26492 1.5708 0 
0.692254 0.0488325 0.09 0.265153 1.5708 0 
0.692315 0.0488188 0.09 0.265387 1.5708 0 
0.692377 0.0488051 0.09 0.26562 1.5708 0 
0.692439 0.0487914 0.09 0.265853 1.5708 0 
0.6925 0.0487778 0.09 0.266086 1.5708 0 
0.692562 0.0487641 0.09 0.26632 1.5708 0 
0.692623 0.0487504 0.09 0.266553 1.5708 0 
0.692684 0.0487368 0.09 0.266786 1.5708 0 
0.692746 0.0487231 0.09 0.267019 1.5708 0 
0.692807 0.0487095 0.09 0.267253 1.5708 0 
0.692869 0.0486959 0.09 0.267486 1.5708 0 
0.69293 0.0486822 0.09 0.267719 1.5708 0 
0.692991 0.0486686 0.09 0.267952 1.5708 0 
0.693052 0.048655 0.09 0.268185 1.5708 0 
0.693114 0.0486414 0.09 0.268419 1.5708 0 
0.693175 0.0486278 0.09 0.268652 1.5708 0 
0.693236 0.0486142 0.09 0.268885 1.5708 0 
0.693297 0.0486006 0.09 0.269118 1.5708 0 
0.693358 0.0485871 0.09 0.269352 1.5708 0 
0.693419 0.0485735 0.09 0.269585 1.5708 0 
0.69348 0.0485599 0.09 0.269818 1.5708 0 
0.693541 0.0485464 0.09 0.270051 1.5708 0 
0.693602 0.0485328 0.09 0.270285 1.5708 0 
0.693663 0.0485193 0.09 0.270518 1.5708 0 
0.693724 0.0485058 0.09 0.270751 1.5708 0 
0.693785 0.0484922 0.09 0.270984 1.5708 0 
0.693846 0.0484787 0.09 0.271218 1.5708 0 
0.693907 0.0484652 0.09 0.271451 1.5708 0 
0.693967 0.0484517 0.09 0.271684 1.5708 0 
0.694028 0.0484382 0.09 0.271917 1.5708 0 
0.694089 0.0484247 0.09 0.272151 1.5708 0 
0.69415 0.0484112 0.09 0.272384 1.5708 0 
0.69421 0.0483977 0.09 0.272617 1.5708 0 
0.694271 0.0483843 0.09 0.27285 1.5708 0 
0.694331 0.0483708 0.09 0.273084 1.5708 0 
0.694392 0.0483574 0.09 0.273317 1.5708 0 
0.694452 0.0483439 0.09 0.27355 1.5708 0 
0.694513 0.0483305 0.09 0.273783 1.5708 0 
0.694573 0.048317 0.09 0.274017 1.5708 0 
0.694634 0.0483036 0.09 0.27425 1.5708 0 
0.694694 0.0482902 0.09 0.274483 1.5708 0 
0.694754 0.0482768 0.09 0.274716 1.5708 0 
0.694815 0.0482634 0.09 0.274949 1.5708 0 
0.694875 0.04825 0.09 0.275183 1.5708 0 
0.694935 0.0482366 0.09 0.275416 1.5708 0 
0.694995 0.0482232 0.09 0.275649 1.5708 0 
0.695056 0.0482099 0.09 0.275882 1.5708 0 
0.695116 0.0481965 0.09 0.276116 1.5708 0 
0.695176 0.0481831 0.09 0.276349 1.5708 0 
0.695236 0.0481698 0.09 0.276582 1.5708 0 
0.695296 0.0481565 0.09 0.276815 1.5708 0 
0.695356 0.0481431 0.09 0.277049 1.5708 0 
0.695416 0.0481298 0.09 0.277282 1.5708 0 
0.695476 0.0481165 0.09 0.277515 1.5708 0 
0.695536 0.0481032 0.09 0.277748 1.5708 0 
0.695596 0.0480899 0.09 0.277981 1.5708 0 
0.695655 0.0480766 0.09 0.278215 1.5708 0 
0.695715 0.0480633 0.09 0.278448 1.5708 0 
0.695775 0.04805 0.09 0.278681 1.5708 0 
0.695835 0.0480368 0.09 0.278914 1.5708 0 
0.695894 0.0480235 0.09 0.279148 1.5708 0 
0.695954 0.0480102 0.09 0.279381 1.5708 0 
0.696014 0.047997 0.09 0.279614 1.5708 0 
0.696073 0.0479838 0.09 0.279847 1.5708 0 
0.696133 0.0479705 0.09 0.28008 1.5708 0 
0.696192 0.0479573 0.09 0.280314 1.5708 0 
0.696252 0.0479441 0.09 0.280547 1.5708 0 
0.696311 0.0479309 0.09 0.28078 1.5708 0 
0.69637 0.0479177 0.09 0.281013 1.5708 0 
0.69643 0.0479045 0.09 0.281247 1.5708 0 
0.696489 0.0478913 0.09 0.28148 1.5708 0 
0.696548 0.0478782 0.09 0.281713 1.5708 0 
0.696608 0.047865 0.09 0.281946 1.5708 0 
0.696667 0.0478518 0.09 0.282179 1.5708 0 
0.696726 0.0478387 0.09 0.282413 1.5708 0 
0.696785 0.0478255 0.09 0.282646 1.5708 0 
0.696844 0.0478124 0.09 0.282879 1.5708 0 
0.696903 0.0477993 0.09 0.283112 1.5708 0 
0.696962 0.0477862 0.09 0.283346 1.5708 0 
0.697021 0.0477731 0.09 0.283579 1.5708 0 
0.69708 0.04776 0.09 0.283812 1.5708 0 
0.697139 0.0477469 0.09 0.284045 1.5708 0 
0.697198 0.0477338 0.09 0.284278 1.5708 0 
0.697257 0.0477207 0.09 0.284512 1.5708 0 
0.697316 0.0477077 0.09 0.284745 1.5708 0 
0.697374 0.0476946 0.09 0.284978 1.5708 0 
0.697433 0.0476816 0.09 0.285211 1.5708 0 
0.697492 0.0476685 0.09 0.285445 1.5708 0 
0.69755 0.0476555 0.09 0.285678 1.5708 0 
0.697609 0.0476425 0.09 0.285911 1.5708 0 
0.697667 0.0476295 0.09 0.286144 1.5708 0 
0.697726 0.0476164 0.09 0.286378 1.5708 0 
0.697784 0.0476035 0.09 0.286611 1.5708 0 
0.697843 0.0475905 0.09 0.286844 1.5708 0 
0.697901 0.0475775 0.09 0.287077 1.5708 0 
0.69796 0.0475645 0.09 0.287311 1.5708 0 
0.698018 0.0475516 0.09 0.287544 1.5708 0 
0.698076 0.0475386 0.09 0.287777 1.5708 0 
0.698135 0.0475257 0.09 0.28801 1.5708 0 
0.698193 0.0475127 0.09 0.288243 1.5708 0 
0.698251 0.0474998 0.09 0.288477 1.5708 0 
0.698309 0.0474869 0.09 0.28871 1.5708 0 
0.698367 0.047474 0.09 0.288943 1.5708 0 
0.698425 0.0474611 0.09 0.289176 1.5708 0 
0.698483 0.0474482 0.09 0.28941 1.5708 0 
0.698541 0.0474353 0.09 0.289643 1.5708 0 
0.698599 0.0474224 0.09 0.289876 1.5708 0 
0.698657 0.0474096 0.09 0.290109 1.5708 0 
0.698715 0.0473967 0.09 0.290343 1.5708 0 
0.698773 0.0473839 0.09 0.290576 1.5708 0 
0.69883 0.047371 0.09 0.290809 1.5708 0 
0.698888 0.0473582 0.09 0.291042 1.5708 0 
0.698946 0.0473454 0.09 0.291275 1.5708 0 
0.699004 0.0473326 0.09 0.291509 1.5708 0 
0.699061 0.0473198 0.09 0.291742 1.5708 0 
0.699119 0.047307 0.09 0.291975 1.5708 0 
0.699176 0.0472942 0.09 0.292208 1.5708 0 
0.699234 0.0472814 0.09 0.292441 1.5708 0 
0.699291 0.0472686 0.09 0.292675 1.5708 0 
0.699349 0.0472559 0.09 0.292908 1.5708 0 
0.699406 0.0472431 0.09 0.293141 1.5708 0 
0.699463 0.0472304 0.09 0.293374 1.5708 0 
0.699521 0.0472177 0.09 0.293608 1.5708 0 
0.699578 0.0472049 0.09 0.293841 1.5708 0 
0.699635 0.0471922 0.09 0.294074 1.5708 0 
0.699692 0.0471795 0.09 0.294307 1.5708 0 
0.699749 0.0471668 0.09 0.29454 1.5708 0 
0.699806 0.0471541 0.09 0.294774 1.5708 0 
0.699863 0.0471415 0.09 0.295007 1.5708 0 
0.69992 0.0471288 0.09 0.29524 1.5708 0 
0.699977 0.0471162 0.09 0.295473 1.5708 0 
0.700034 0.0471035 0.09 0.295706 1.5708 0 
0.700091 0.0470909 0.09 0.29594 1.5708 0 
0.700148 0.0470782 0.09 0.296173 1.5708 0 
0.700205 0.0470656 0.09 0.296406 1.5708 0 
0.700261 0.047053 0.09 0.296639 1.5708 0 
0.700318 0.0470404 0.09 0.296873 1.5708 0 
0.700375 0.0470278 0.09 0.297106 1.5708 0 
0.700431 0.0470152 0.09 0.297339 1.5708 0 
0.700488 0.0470027 0.09 0.297572 1.5708 0 
0.700545 0.0469901 0.09 0.297805 1.5708 0 
0.700601 0.0469776 0.09 0.298039 1.5708 0 
0.700657 0.046965 0.09 0.298272 1.5708 0 
0.700714 0.0469525 0.09 0.298505 1.5708 0 
0.70077 0.04694 0.09 0.298738 1.5708 0 
0.700827 0.0469274 0.09 0.298972 1.5708 0 
0.700883 0.0469149 0.09 0.299205 1.5708 0 
0.700939 0.0469024 0.09 0.299438 1.5708 0 
0.700995 0.04689 0.09 0.299671 1.5708 0 
0.701051 0.0468775 0.09 0.299905 1.5708 0 
0.701107 0.046865 0.09 0.300138 1.5708 0 
0.701164 0.0468526 0.09 0.300371 1.5708 0 
0.70122 0.0468401 0.09 0.300604 1.5708 0 
0.701276 0.0468277 0.09 0.300838 1.5708 0 
0.701331 0.0468152 0.09 0.301071 1.5708 0 
0.701387 0.0468028 0.09 0.301304 1.5708 0 
0.701443 0.0467904 0.09 0.301537 1.5708 0 
0.701499 0.046778 0.09 0.301771 1.5708 0 
0.701555 0.0467656 0.09 0.302004 1.5708 0 
0.70161 0.0467532 0.09 0.302237 1.5708 0 
0.701666 0.0467409 0.09 0.30247 1.5708 0 
0.701722 0.0467285 0.09 0.302704 1.5708 0 
0.701777 0.0467162 0.09 0.302937 1.5708 0 
0.701833 0.0467038 0.09 0.30317 1.5708 0 
0.701888 0.0466915 0.09 0.303403 1.5708 0 
0.701944 0.0466792 0.09 0.303637 1.5708 0 
0.701999 0.0466669 0.09 0.30387 1.5708 0 
0.702055 0.0466545 0.09 0.304103 1.5708 0 
0.70211 0.0466423 0.09 0.304336 1.5708 0 
0.702165 0.04663 0.09 0.30457 1.5708 0 
0.70222 0.0466177 0.09 0.304803 1.5708 0 
0.702276 0.0466054 0.09 0.305036 1.5708 0 
0.702331 0.0465932 0.09 0.305269 1.5708 0 
0.702386 0.0465809 0.09 0.305503 1.5708 0 
0.702441 0.0465687 0.09 0.305736 1.5708 0 
0.702496 0.0465565 0.09 0.305969 1.5708 0 
0.702551 0.0465443 0.09 0.306202 1.5708 0 
0.702606 0.0465321 0.09 0.306435 1.5708 0 
0.702661 0.0465199 0.09 0.306669 1.5708 0 
0.702715 0.0465077 0.09 0.306902 1.5708 0 
0.70277 0.0464955 0.09 0.307135 1.5708 0 
0.702825 0.0464834 0.09 0.307368 1.5708 0 
0.70288 0.0464712 0.09 0.307601 1.5708 0 
0.702934 0.0464591 0.09 0.307835 1.5708 0 
0.702989 0.0464469 0.09 0.308068 1.5708 0 
0.703043 0.0464348 0.09 0.308301 1.5708 0 
0.703098 0.0464227 0.09 0.308534 1.5708 0 
0.703152 0.0464106 0.09 0.308768 1.5708 0 
0.703207 0.0463985 0.09 0.309001 1.5708 0 
0.703261 0.0463864 0.09 0.309234 1.5708 0 
0.703315 0.0463744 0.09 0.309467 1.5708 0 
0.70337 0.0463623 0.09 0.3097 1.5708 0 
0.703424 0.0463503 0.09 0.309934 1.5708 0 
0.703478 0.0463382 0.09 0.310167 1.5708 0 
0.703532 0.0463262 0.09 0.3104 1.5708 0 
0.703586 0.0463142 0.09 0.310633 1.5708 0 
0.70364 0.0463021 0.09 0.310866 1.5708 0 
0.703694 0.0462901 0.09 0.3111 1.5708 0 
0.703748 0.0462782 0.09 0.311333 1.5708 0 
0.703802 0.0462662 0.09 0.311566 1.5708 0 
0.703856 0.0462542 0.09 0.311799 1.5708 0 
0.70391 0.0462423 0.09 0.312033 1.5708 0 
0.703964 0.0462303 0.09 0.312266 1.5708 0 
0.704017 0.0462184 0.09 0.312499 1.5708 0 
0.704071 0.0462064 0.09 0.312732 1.5708 0 
0.704125 0.0461945 0.09 0.312966 1.5708 0 
0.704178 0.0461826 0.09 0.313199 1.5708 0 
0.704232 0.0461707 0.09 0.313432 1.5708 0 
0.704285 0.0461588 0.09 0.313666 1.5708 0 
0.704339 0.0461469 0.09 0.313899 1.5708 0 
0.704392 0.0461351 0.09 0.314132 1.5708 0 
0.704445 0.0461232 0.09 0.314365 1.5708 0 
0.704499 0.0461114 0.09 0.314599 1.5708 0 
0.704552 0.0460995 0.09 0.314832 1.5708 0 
0.704605 0.0460877 0.09 0.315065 1.5708 0 
0.704658 0.0460759 0.09 0.315299 1.5708 0 
0.704712 0.0460641 0.09 0.315532 1.5708 0 
0.704765 0.0460523 0.09 0.315765 1.5708 0 
0.704818 0.0460405 0.09 0.315998 1.5708 0 
0.704871 0.0460288 0.09 0.316232 1.5708 0 
0.704924 0.046017 0.09 0.316465 1.5708 0 
0.704976 0.0460052 0.09 0.316698 1.5708 0 
0.705029 0.0459935 0.09 0.316932 1.5708 0 
0.705082 0.0459818 0.09 0.317165 1.5708 0 
0.705135 0.0459701 0.09 0.317398 1.5708 0 
0.705187 0.0459583 0.09 0.317631 1.5708 0 
0.70524 0.0459466 0.09 0.317865 1.5708 0 
0.705293 0.045935 0.09 0.318098 1.5708 0 
0.705345 0.0459233 0.09 0.318331 1.5708 0 
0.705398 0.0459116 0.09 0.318565 1.5708 0 
0.70545 0.0459 0.09 0.318798 1.5708 0 
0.705503 0.0458883 0.09 0.319031 1.5708 0 
0.705555 0.0458767 0.09 0.319264 1.5708 0 
0.705607 0.0458651 0.09 0.319498 1.5708 0 
0.70566 0.0458534 0.09 0.319731 1.5708 0 
0.705712 0.0458418 0.09 0.319964 1.5708 0 
0.705764 0.0458302 0.09 0.320197 1.5708 0 
0.705816 0.0458187 0.09 0.320431 1.5708 0 
0.705868 0.0458071 0.09 0.320664 1.5708 0 
0.70592 0.0457955 0.09 0.320897 1.5708 0 
0.705972 0.045784 0.09 0.32113 1.5708 0 
0.706024 0.0457724 0.09 0.321363 1.5708 0 
0.706076 0.0457609 0.09 0.321597 1.5708 0 
0.706128 0.0457494 0.09 0.32183 1.5708 0 
0.706179 0.0457379 0.09 0.322063 1.5708 0 
0.706231 0.0457264 0.09 0.322296 1.5708 0 
0.706283 0.0457149 0.09 0.32253 1.5708 0 
0.706334 0.0457034 0.09 0.322763 1.5708 0 
0.706386 0.045692 0.09 0.322996 1.5708 0 
0.706438 0.0456805 0.09 0.323229 1.5708 0 
0.706489 0.0456691 0.09 0.323462 1.5708 0 
0.706541 0.0456577 0.09 0.323696 1.5708 0 
0.706592 0.0456462 0.09 0.323929 1.5708 0 
0.706643 0.0456348 0.09 0.324162 1.5708 0 
0.706695 0.0456234 0.09 0.324395 1.5708 0 
0.706746 0.045612 0.09 0.324628 1.5708 0 
0.706797 0.0456007 0.09 0.324862 1.5708 0 
0.706848 0.0455893 0.09 0.325095 1.5708 0 
0.706899 0.0455779 0.09 0.325328 1.5708 0 
0.70695 0.0455666 0.09 0.325561 1.5708 0 
0.707001 0.0455553 0.09 0.325795 1.5708 0 
0.707052 0.0455439 0.09 0.326028 1.5708 0 
0.707103 0.0455326 0.09 0.326261 1.5708 0 
0.707154 0.0455213 0.09 0.326494 1.5708 0 
0.707205 0.04551 0.09 0.326728 1.5708 0 
0.707256 0.0454988 0.09 0.326961 1.5708 0 
0.707306 0.0454875 0.09 0.327194 1.5708 0 
0.707357 0.0454762 0.09 0.327428 1.5708 0 
0.707408 0.045465 0.09 0.327661 1.5708 0 
0.707458 0.0454538 0.09 0.327894 1.5708 0 
0.707509 0.0454425 0.09 0.328128 1.5708 0 
0.707559 0.0454313 0.09 0.328361 1.5708 0 
0.707609 0.0454201 0.09 0.328594 1.5708 0 
0.70766 0.0454089 0.09 0.328828 1.5708 0 
0.70771 0.0453978 0.09 0.329061 1.5708 0 
0.70776 0.0453866 0.09 0.329294 1.5708 0 
0.707811 0.0453754 0.09 0.329528 1.5708 0 
0.707861 0.0453643 0.09 0.329761 1.5708 0 
0.707911 0.0453531 0.09 0.329994 1.5708 0 
0.707961 0.045342 0.09 0.330228 1.5708 0 
0.708011 0.0453309 0.09 0.330461 1.5708 0 
0.708061 0.0453198 0.09 0.330694 1.5708 0 
0.708111 0.0453087 0.09 0.330928 1.5708 0 
0.708161 0.0452976 0.09 0.331161 1.5708 0 
0.70821 0.0452866 0.09 0.331394 1.5708 0 
0.70826 0.0452755 0.09 0.331628 1.5708 0 
0.70831 0.0452644 0.09 0.331861 1.5708 0 
0.70836 0.0452534 0.09 0.332094 1.5708 0 
0.708409 0.0452424 0.09 0.332328 1.5708 0 
0.708459 0.0452314 0.09 0.332561 1.5708 0 
0.708508 0.0452204 0.09 0.332794 1.5708 0 
0.708558 0.0452094 0.09 0.333028 1.5708 0 
0.708607 0.0451984 0.09 0.333261 1.5708 0 
0.708657 0.0451874 0.09 0.333494 1.5708 0 
0.708706 0.0451765 0.09 0.333728 1.5708 0 
0.708755 0.0451655 0.09 0.333961 1.5708 0 
0.708804 0.0451546 0.09 0.334194 1.5708 0 
0.708854 0.0451437 0.09 0.334428 1.5708 0 
0.708903 0.0451327 0.09 0.334661 1.5708 0 
0.708952 0.0451218 0.09 0.334894 1.5708 0 
0.709001 0.045111 0.09 0.335128 1.5708 0 
0.70905 0.0451001 0.09 0.335361 1.5708 0 
0.709099 0.0450892 0.09 0.335594 1.5708 0 
0.709147 0.0450783 0.09 0.335827 1.5708 0 
0.709196 0.0450675 0.09 0.336061 1.5708 0 
0.709245 0.0450567 0.09 0.336294 1.5708 0 
0.709294 0.0450458 0.09 0.336527 1.5708 0 
0.709342 0.045035 0.09 0.33676 1.5708 0 
0.709391 0.0450242 0.09 0.336993 1.5708 0 
0.70944 0.0450134 0.09 0.337227 1.5708 0 
0.709488 0.0450027 0.09 0.33746 1.5708 0 
0.709536 0.0449919 0.09 0.337693 1.5708 0 
0.709585 0.0449811 0.09 0.337926 1.5708 0 
0.709633 0.0449704 0.09 0.33816 1.5708 0 
0.709682 0.0449597 0.09 0.338393 1.5708 0 
0.70973 0.0449489 0.09 0.338626 1.5708 0 
0.709778 0.0449382 0.09 0.338859 1.5708 0 
0.709826 0.0449275 0.09 0.339092 1.5708 0 
0.709874 0.0449168 0.09 0.339326 1.5708 0 
0.709922 0.0449062 0.09 0.339559 1.5708 0 
0.70997 0.0448955 0.09 0.339792 1.5708 0 
0.710018 0.0448848 0.09 0.340025 1.5708 0 
0.710066 0.0448742 0.09 0.340258 1.5708 0 
0.710114 0.0448636 0.09 0.340492 1.5708 0 
0.710162 0.0448529 0.09 0.340725 1.5708 0 
0.71021 0.0448423 0.09 0.340958 1.5708 0 
0.710257 0.0448317 0.09 0.341192 1.5708 0 
0.710305 0.0448211 0.09 0.341425 1.5708 0 
0.710352 0.0448106 0.09 0.341658 1.5708 0 
0.7104 0.0448 0.09 0.341892 1.5708 0 
0.710447 0.0447894 0.09 0.342125 1.5708 0 
0.710495 0.0447789 0.09 0.342358 1.5708 0 
0.710542 0.0447684 0.09 0.342592 1.5708 0 
0.71059 0.0447579 0.09 0.342825 1.5708 0 
0.710637 0.0447473 0.09 0.343058 1.5708 0 
0.710684 0.0447368 0.09 0.343292 1.5708 0 
0.710731 0.0447264 0.09 0.343525 1.5708 0 
0.710779 0.0447159 0.09 0.343758 1.5708 0 
0.710826 0.0447054 0.09 0.343992 1.5708 0 
0.710873 0.044695 0.09 0.344225 1.5708 0 
0.71092 0.0446845 0.09 0.344459 1.5708 0 
0.710967 0.0446741 0.09 0.344692 1.5708 0 
0.711013 0.0446637 0.09 0.344925 1.5708 0 
0.71106 0.0446533 0.09 0.345159 1.5708 0 
0.711107 0.0446429 0.09 0.345392 1.5708 0 
0.711154 0.0446325 0.09 0.345626 1.5708 0 
0.7112 0.0446221 0.09 0.345859 1.5708 0 
0.711247 0.0446118 0.09 0.346093 1.5708 0 
0.711294 0.0446014 0.09 0.346326 1.5708 0 
0.71134 0.0445911 0.09 0.34656 1.5708 0 
0.711387 0.0445808 0.09 0.346793 1.5708 0 
0.711433 0.0445704 0.09 0.347026 1.5708 0 
0.711479 0.0445601 0.09 0.34726 1.5708 0 
0.711526 0.0445498 0.09 0.347493 1.5708 0 
0.711572 0.0445396 0.09 0.347727 1.5708 0 
0.711618 0.0445293 0.09 0.34796 1.5708 0 
0.711664 0.044519 0.09 0.348194 1.5708 0 
0.71171 0.0445088 0.09 0.348427 1.5708 0 
0.711757 0.0444986 0.09 0.34866 1.5708 0 
0.711803 0.0444883 0.09 0.348894 1.5708 0 
0.711848 0.0444781 0.09 0.349127 1.5708 0 
0.711894 0.0444679 0.09 0.34936 1.5708 0 
0.71194 0.0444577 0.09 0.349594 1.5708 0 
0.711986 0.0444476 0.09 0.349827 1.5708 0 
0.712032 0.0444374 0.09 0.350061 1.5708 0 
0.712077 0.0444272 0.09 0.350294 1.5708 0 
0.712123 0.0444171 0.09 0.350527 1.5708 0 
0.712169 0.044407 0.09 0.350761 1.5708 0 
0.712214 0.0443968 0.09 0.350994 1.5708 0 
0.71226 0.0443867 0.09 0.351227 1.5708 0 
0.712305 0.0443766 0.09 0.351461 1.5708 0 
0.712351 0.0443665 0.09 0.351694 1.5708 0 
0.712396 0.0443565 0.09 0.351927 1.5708 0 
0.712441 0.0443464 0.09 0.35216 1.5708 0 
0.712486 0.0443364 0.09 0.352394 1.5708 0 
0.712532 0.0443263 0.09 0.352627 1.5708 0 
0.712577 0.0443163 0.09 0.35286 1.5708 0 
0.712622 0.0443063 0.09 0.353093 1.5708 0 
0.712667 0.0442963 0.09 0.353327 1.5708 0 
0.712712 0.0442863 0.09 0.35356 1.5708 0 
0.712757 0.0442763 0.09 0.353793 1.5708 0 
0.712801 0.0442663 0.09 0.354026 1.5708 0 
0.712846 0.0442564 0.09 0.354259 1.5708 0 
0.712891 0.0442464 0.09 0.354493 1.5708 0 
0.712936 0.0442365 0.09 0.354726 1.5708 0 
0.71298 0.0442266 0.09 0.354959 1.5708 0 
0.713025 0.0442167 0.09 0.355192 1.5708 0 
0.71307 0.0442068 0.09 0.355426 1.5708 0 
0.713114 0.0441969 0.09 0.355659 1.5708 0 
0.713159 0.044187 0.09 0.355892 1.5708 0 
0.713203 0.0441771 0.09 0.356125 1.5708 0 
0.713247 0.0441673 0.09 0.356359 1.5708 0 
0.713292 0.0441574 0.09 0.356592 1.5708 0 
0.713336 0.0441476 0.09 0.356825 1.5708 0 
0.71338 0.0441378 0.09 0.357058 1.5708 0 
0.713424 0.044128 0.09 0.357292 1.5708 0 
0.713468 0.0441182 0.09 0.357525 1.5708 0 
0.713512 0.0441084 0.09 0.357759 1.5708 0 
0.713556 0.0440986 0.09 0.357992 1.5708 0 
0.7136 0.0440888 0.09 0.358225 1.5708 0 
0.713644 0.0440791 0.09 0.358459 1.5708 0 
0.713688 0.0440694 0.09 0.358692 1.5708 0 
0.713732 0.0440596 0.09 0.358926 1.5708 0 
0.713775 0.0440499 0.09 0.359159 1.5708 0 
0.713819 0.0440402 0.09 0.359392 1.5708 0 
0.713863 0.0440305 0.09 0.359626 1.5708 0 
0.713906 0.0440208 0.09 0.359859 1.5708 0 
0.71395 0.0440112 0.09 0.360093 1.5708 0 
0.713993 0.0440015 0.09 0.360326 1.5708 0 
0.714037 0.0439918 0.09 0.36056 1.5708 0 
0.71408 0.0439822 0.09 0.360793 1.5708 0 
0.714123 0.0439726 0.09 0.361027 1.5708 0 
0.714167 0.043963 0.09 0.36126 1.5708 0 
0.71421 0.0439534 0.09 0.361494 1.5708 0 
0.714253 0.0439438 0.09 0.361728 1.5708 0 
0.714296 0.0439342 0.09 0.361961 1.5708 0 
0.714339 0.0439246 0.09 0.362195 1.5708 0 
0.714382 0.0439151 0.09 0.362428 1.5708 0 
0.714425 0.0439055 0.09 0.362662 1.5708 0 
0.714468 0.043896 0.09 0.362895 1.5708 0 
0.714511 0.0438865 0.09 0.363129 1.5708 0 
0.714554 0.043877 0.09 0.363362 1.5708 0 
0.714596 0.0438675 0.09 0.363596 1.5708 0 
0.714639 0.043858 0.09 0.363829 1.5708 0 
0.714682 0.0438485 0.09 0.364063 1.5708 0 
0.714724 0.043839 0.09 0.364296 1.5708 0 
0.714767 0.0438296 0.09 0.36453 1.5708 0 
0.714809 0.0438201 0.09 0.364763 1.5708 0 
0.714852 0.0438107 0.09 0.364997 1.5708 0 
0.714894 0.0438013 0.09 0.36523 1.5708 0 
0.714936 0.0437919 0.09 0.365464 1.5708 0 
0.714979 0.0437825 0.09 0.365697 1.5708 0 
0.715021 0.0437731 0.09 0.365931 1.5708 0 
0.715063 0.0437637 0.09 0.366164 1.5708 0 
0.715105 0.0437544 0.09 0.366398 1.5708 0 
0.715147 0.043745 0.09 0.366631 1.5708 0 
0.715189 0.0437357 0.09 0.366864 1.5708 0 
0.715231 0.0437264 0.09 0.367098 1.5708 0 
0.715273 0.0437171 0.09 0.367331 1.5708 0 
0.715315 0.0437078 0.09 0.367565 1.5708 0 
0.715357 0.0436985 0.09 0.367798 1.5708 0 
0.715399 0.0436892 0.09 0.368031 1.5708 0 
0.71544 0.0436799 0.09 0.368265 1.5708 0 
0.715482 0.0436707 0.09 0.368498 1.5708 0 
0.715524 0.0436614 0.09 0.368731 1.5708 0 
0.715565 0.0436522 0.09 0.368965 1.5708 0 
0.715607 0.043643 0.09 0.369198 1.5708 0 
0.715648 0.0436338 0.09 0.369431 1.5708 0 
0.715689 0.0436246 0.09 0.369664 1.5708 0 
0.715731 0.0436154 0.09 0.369898 1.5708 0 
0.715772 0.0436062 0.09 0.370131 1.5708 0 
0.715813 0.0435971 0.09 0.370364 1.5708 0 
0.715854 0.0435879 0.09 0.370597 1.5708 0 
0.715896 0.0435788 0.09 0.37083 1.5708 0 
0.715937 0.0435696 0.09 0.371064 1.5708 0 
0.715978 0.0435605 0.09 0.371297 1.5708 0 
0.716019 0.0435514 0.09 0.37153 1.5708 0 
0.71606 0.0435423 0.09 0.371763 1.5708 0 
0.7161 0.0435332 0.09 0.371997 1.5708 0 
0.716141 0.0435242 0.09 0.37223 1.5708 0 
0.716182 0.0435151 0.09 0.372463 1.5708 0 
0.716223 0.0435061 0.09 0.372696 1.5708 0 
0.716263 0.043497 0.09 0.37293 1.5708 0 
0.716304 0.043488 0.09 0.373163 1.5708 0 
0.716344 0.043479 0.09 0.373396 1.5708 0 
0.716385 0.04347 0.09 0.37363 1.5708 0 
0.716425 0.043461 0.09 0.373863 1.5708 0 
0.716466 0.043452 0.09 0.374097 1.5708 0 
0.716506 0.0434431 0.09 0.37433 1.5708 0 
0.716547 0.0434341 0.09 0.374563 1.5708 0 
0.716587 0.0434252 0.09 0.374797 1.5708 0 
0.716627 0.0434162 0.09 0.37503 1.5708 0 
0.716667 0.0434073 0.09 0.375264 1.5708 0 
0.716707 0.0433984 0.09 0.375497 1.5708 0 
0.716747 0.0433895 0.09 0.375731 1.5708 0 
0.716787 0.0433806 0.09 0.375964 1.5708 0 
0.716827 0.0433717 0.09 0.376198 1.5708 0 
0.716867 0.0433629 0.09 0.376432 1.5708 0 
0.716907 0.043354 0.09 0.376665 1.5708 0 
0.716947 0.0433452 0.09 0.376899 1.5708 0 
0.716986 0.0433363 0.09 0.377132 1.5708 0 
0.717026 0.0433275 0.09 0.377366 1.5708 0 
0.717066 0.0433187 0.09 0.3776 1.5708 0 
0.717105 0.0433099 0.09 0.377833 1.5708 0 
0.717145 0.0433011 0.09 0.378067 1.5708 0 
0.717184 0.0432924 0.09 0.3783 1.5708 0 
0.717224 0.0432836 0.09 0.378534 1.5708 0 
0.717263 0.0432749 0.09 0.378768 1.5708 0 
0.717302 0.0432661 0.09 0.379001 1.5708 0 
0.717342 0.0432574 0.09 0.379235 1.5708 0 
0.717381 0.0432487 0.09 0.379469 1.5708 0 
0.71742 0.04324 0.09 0.379702 1.5708 0 
0.717459 0.0432313 0.09 0.379936 1.5708 0 
0.717498 0.0432226 0.09 0.38017 1.5708 0 
0.717537 0.0432139 0.09 0.380403 1.5708 0 
0.717576 0.0432053 0.09 0.380637 1.5708 0 
0.717615 0.0431966 0.09 0.380871 1.5708 0 
0.717654 0.043188 0.09 0.381104 1.5708 0 
0.717693 0.0431794 0.09 0.381338 1.5708 0 
0.717732 0.0431707 0.09 0.381572 1.5708 0 
0.71777 0.0431621 0.09 0.381805 1.5708 0 
0.717809 0.0431536 0.09 0.382039 1.5708 0 
0.717848 0.043145 0.09 0.382272 1.5708 0 
0.717886 0.0431364 0.09 0.382506 1.5708 0 
0.717925 0.0431279 0.09 0.38274 1.5708 0 
0.717963 0.0431193 0.09 0.382973 1.5708 0 
0.718001 0.0431108 0.09 0.383207 1.5708 0 
0.71804 0.0431023 0.09 0.38344 1.5708 0 
0.718078 0.0430938 0.09 0.383674 1.5708 0 
0.718116 0.0430853 0.09 0.383907 1.5708 0 
0.718155 0.0430768 0.09 0.384141 1.5708 0 
0.718193 0.0430683 0.09 0.384374 1.5708 0 
0.718231 0.0430598 0.09 0.384608 1.5708 0 
0.718269 0.0430514 0.09 0.384841 1.5708 0 
0.718307 0.0430429 0.09 0.385075 1.5708 0 
0.718345 0.0430345 0.09 0.385308 1.5708 0 
0.718383 0.0430261 0.09 0.385541 1.5708 0 
0.71842 0.0430177 0.09 0.385775 1.5708 0 
0.718458 0.0430093 0.09 0.386008 1.5708 0 
0.718496 0.0430009 0.09 0.386241 1.5708 0 
0.718534 0.0429925 0.09 0.386475 1.5708 0 
0.718571 0.0429842 0.09 0.386708 1.5708 0 
0.718609 0.0429758 0.09 0.386941 1.5708 0 
0.718646 0.0429675 0.09 0.387174 1.5708 0 
0.718684 0.0429592 0.09 0.387408 1.5708 0 
0.718721 0.0429509 0.09 0.387641 1.5708 0 
0.718758 0.0429426 0.09 0.387874 1.5708 0 
0.718796 0.0429343 0.09 0.388107 1.5708 0 
0.718833 0.042926 0.09 0.388341 1.5708 0 
0.71887 0.0429177 0.09 0.388574 1.5708 0 
0.718907 0.0429095 0.09 0.388807 1.5708 0 
0.718945 0.0429012 0.09 0.38904 1.5708 0 
0.718982 0.042893 0.09 0.389274 1.5708 0 
0.719019 0.0428848 0.09 0.389507 1.5708 0 
0.719056 0.0428765 0.09 0.38974 1.5708 0 
0.719092 0.0428683 0.09 0.389973 1.5708 0 
0.719129 0.0428602 0.09 0.390207 1.5708 0 
0.719166 0.042852 0.09 0.39044 1.5708 0 
0.719203 0.0428438 0.09 0.390673 1.5708 0 
0.71924 0.0428357 0.09 0.390907 1.5708 0 
0.719276 0.0428275 0.09 0.39114 1.5708 0 
0.719313 0.0428194 0.09 0.391374 1.5708 0 
0.719349 0.0428113 0.09 0.391607 1.5708 0 
0.719386 0.0428031 0.09 0.391841 1.5708 0 
0.719422 0.042795 0.09 0.392074 1.5708 0 
0.719459 0.042787 0.09 0.392308 1.5708 0 
0.719495 0.0427789 0.09 0.392541 1.5708 0 
0.719531 0.0427708 0.09 0.392775 1.5708 0 
0.719568 0.0427628 0.09 0.393008 1.5708 0 
0.719604 0.0427547 0.09 0.393242 1.5708 0 
0.71964 0.0427467 0.09 0.393476 1.5708 0 
0.719676 0.0427387 0.09 0.393709 1.5708 0 
0.719712 0.0427306 0.09 0.393943 1.5708 0 
0.719748 0.0427226 0.09 0.394177 1.5708 0 
0.719784 0.0427146 0.09 0.39441 1.5708 0 
0.71982 0.0427067 0.09 0.394644 1.5708 0 
0.719856 0.0426987 0.09 0.394878 1.5708 0 
0.719892 0.0426907 0.09 0.395112 1.5708 0 
0.719927 0.0426828 0.09 0.395345 1.5708 0 
0.719963 0.0426749 0.09 0.395579 1.5708 0 
0.719999 0.0426669 0.09 0.395813 1.5708 0 
0.720034 0.042659 0.09 0.396047 1.5708 0 
0.72007 0.0426511 0.09 0.396281 1.5708 0 
0.720105 0.0426432 0.09 0.396514 1.5708 0 
0.720141 0.0426354 0.09 0.396748 1.5708 0 
0.720176 0.0426275 0.09 0.396982 1.5708 0 
0.720212 0.0426196 0.09 0.397216 1.5708 0 
0.720247 0.0426118 0.09 0.39745 1.5708 0 
0.720282 0.042604 0.09 0.397683 1.5708 0 
0.720317 0.0425961 0.09 0.397917 1.5708 0 
0.720353 0.0425883 0.09 0.398151 1.5708 0 
0.720388 0.0425805 0.09 0.398385 1.5708 0 
0.720423 0.0425727 0.09 0.398619 1.5708 0 
0.720458 0.042565 0.09 0.398852 1.5708 0 
0.720493 0.0425572 0.09 0.399086 1.5708 0 
0.720528 0.0425494 0.09 0.39932 1.5708 0 
0.720562 0.0425417 0.09 0.399554 1.5708 0 
0.720597 0.042534 0.09 0.399788 1.5708 0 
0.720632 0.0425262 0.09 0.400021 1.5708 0 
0.720667 0.0425185 0.09 0.400255 1.5708 0 
0.720701 0.0425108 0.09 0.400489 1.5708 0 
0.720736 0.0425031 0.09 0.400722 1.5708 0 
0.72077 0.0424955 0.09 0.400956 1.5708 0 
0.720805 0.0424878 0.09 0.40119 1.5708 0 
0.720839 0.0424801 0.09 0.401423 1.5708 0 
0.720874 0.0424725 0.09 0.401657 1.5708 0 
0.720908 0.0424649 0.09 0.401891 1.5708 0 
0.720942 0.0424572 0.09 0.402124 1.5708 0 
0.720977 0.0424496 0.09 0.402358 1.5708 0 
0.721011 0.042442 0.09 0.402591 1.5708 0 
0.721045 0.0424345 0.09 0.402825 1.5708 0 
0.721079 0.0424269 0.09 0.403058 1.5708 0 
0.721113 0.0424193 0.09 0.403292 1.5708 0 
0.721147 0.0424118 0.09 0.403525 1.5708 0 
0.721181 0.0424042 0.09 0.403759 1.5708 0 
0.721215 0.0423967 0.09 0.403992 1.5708 0 
0.721249 0.0423892 0.09 0.404226 1.5708 0 
0.721283 0.0423817 0.09 0.404459 1.5708 0 
0.721316 0.0423742 0.09 0.404692 1.5708 0 
0.72135 0.0423667 0.09 0.404926 1.5708 0 
0.721384 0.0423592 0.09 0.405159 1.5708 0 
0.721417 0.0423517 0.09 0.405392 1.5708 0 
0.721451 0.0423443 0.09 0.405625 1.5708 0 
0.721484 0.0423368 0.09 0.405859 1.5708 0 
0.721518 0.0423294 0.09 0.406092 1.5708 0 
0.721551 0.042322 0.09 0.406325 1.5708 0 
0.721584 0.0423146 0.09 0.406558 1.5708 0 
0.721618 0.0423072 0.09 0.406792 1.5708 0 
0.721651 0.0422998 0.09 0.407025 1.5708 0 
0.721684 0.0422924 0.09 0.407258 1.5708 0 
0.721717 0.042285 0.09 0.407491 1.5708 0 
0.72175 0.0422777 0.09 0.407725 1.5708 0 
0.721784 0.0422703 0.09 0.407958 1.5708 0 
0.721817 0.042263 0.09 0.408191 1.5708 0 
0.721849 0.0422557 0.09 0.408425 1.5708 0 
0.721882 0.0422484 0.09 0.408658 1.5708 0 
0.721915 0.0422411 0.09 0.408891 1.5708 0 
0.721948 0.0422338 0.09 0.409125 1.5708 0 
0.721981 0.0422265 0.09 0.409358 1.5708 0 
0.722014 0.0422192 0.09 0.409592 1.5708 0 
0.722046 0.042212 0.09 0.409825 1.5708 0 
0.722079 0.0422047 0.09 0.410059 1.5708 0 
0.722111 0.0421975 0.09 0.410292 1.5708 0 
0.722144 0.0421902 0.09 0.410526 1.5708 0 
0.722176 0.042183 0.09 0.41076 1.5708 0 
0.722209 0.0421758 0.09 0.410993 1.5708 0 
0.722241 0.0421686 0.09 0.411227 1.5708 0 
0.722274 0.0421614 0.09 0.411461 1.5708 0 
0.722306 0.0421543 0.09 0.411694 1.5708 0 
0.722338 0.0421471 0.09 0.411928 1.5708 0 
0.72237 0.0421399 0.09 0.412162 1.5708 0 
0.722402 0.0421328 0.09 0.412396 1.5708 0 
0.722434 0.0421257 0.09 0.41263 1.5708 0 
0.722467 0.0421185 0.09 0.412863 1.5708 0 
0.722499 0.0421114 0.09 0.413097 1.5708 0 
0.72253 0.0421043 0.09 0.413331 1.5708 0 
0.722562 0.0420972 0.09 0.413565 1.5708 0 
0.722594 0.0420902 0.09 0.413799 1.5708 0 
0.722626 0.0420831 0.09 0.414033 1.5708 0 
0.722658 0.042076 0.09 0.414267 1.5708 0 
0.72269 0.042069 0.09 0.414501 1.5708 0 
0.722721 0.042062 0.09 0.414735 1.5708 0 
0.722753 0.0420549 0.09 0.414969 1.5708 0 
0.722784 0.0420479 0.09 0.415203 1.5708 0 
0.722816 0.0420409 0.09 0.415437 1.5708 0 
0.722847 0.0420339 0.09 0.415671 1.5708 0 
0.722879 0.0420269 0.09 0.415905 1.5708 0 
0.72291 0.04202 0.09 0.416139 1.5708 0 
0.722942 0.042013 0.09 0.416373 1.5708 0 
0.722973 0.042006 0.09 0.416607 1.5708 0 
0.723004 0.0419991 0.09 0.416841 1.5708 0 
0.723035 0.0419922 0.09 0.417075 1.5708 0 
0.723066 0.0419853 0.09 0.417309 1.5708 0 
0.723097 0.0419783 0.09 0.417543 1.5708 0 
0.723128 0.0419714 0.09 0.417776 1.5708 0 
0.723159 0.0419646 0.09 0.41801 1.5708 0 
0.72319 0.0419577 0.09 0.418244 1.5708 0 
0.723221 0.0419508 0.09 0.418478 1.5708 0 
0.723252 0.041944 0.09 0.418712 1.5708 0 
0.723283 0.0419371 0.09 0.418946 1.5708 0 
0.723314 0.0419303 0.09 0.41918 1.5708 0 
0.723344 0.0419235 0.09 0.419414 1.5708 0 
0.723375 0.0419166 0.09 0.419648 1.5708 0 
0.723406 0.0419098 0.09 0.419881 1.5708 0 
0.723436 0.0419031 0.09 0.420115 1.5708 0 
0.723467 0.0418963 0.09 0.420349 1.5708 0 
0.723497 0.0418895 0.09 0.420583 1.5708 0 
0.723528 0.0418827 0.09 0.420817 1.5708 0 
0.723558 0.041876 0.09 0.42105 1.5708 0 
0.723588 0.0418693 0.09 0.421284 1.5708 0 
0.723619 0.0418625 0.09 0.421518 1.5708 0 
0.723649 0.0418558 0.09 0.421751 1.5708 0 
0.723679 0.0418491 0.09 0.421985 1.5708 0 
0.723709 0.0418424 0.09 0.422218 1.5708 0 
0.723739 0.0418357 0.09 0.422452 1.5708 0 
0.723769 0.041829 0.09 0.422685 1.5708 0 
0.723799 0.0418224 0.09 0.422919 1.5708 0 
0.723829 0.0418157 0.09 0.423152 1.5708 0 
0.723859 0.0418091 0.09 0.423386 1.5708 0 
0.723889 0.0418025 0.09 0.423619 1.5708 0 
0.723919 0.0417958 0.09 0.423852 1.5708 0 
0.723948 0.0417892 0.09 0.424086 1.5708 0 
0.723978 0.0417826 0.09 0.424319 1.5708 0 
0.724008 0.041776 0.09 0.424552 1.5708 0 
0.724037 0.0417695 0.09 0.424786 1.5708 0 
0.724067 0.0417629 0.09 0.425019 1.5708 0 
0.724097 0.0417563 0.09 0.425252 1.5708 0 
0.724126 0.0417498 0.09 0.425485 1.5708 0 
0.724155 0.0417432 0.09 0.425719 1.5708 0 
0.724185 0.0417367 0.09 0.425952 1.5708 0 
0.724214 0.0417302 0.09 0.426185 1.5708 0 
0.724243 0.0417237 0.09 0.426418 1.5708 0 
0.724273 0.0417172 0.09 0.426652 1.5708 0 
0.724302 0.0417107 0.09 0.426885 1.5708 0 
0.724331 0.0417042 0.09 0.427118 1.5708 0 
0.72436 0.0416978 0.09 0.427351 1.5708 0 
0.724389 0.0416913 0.09 0.427585 1.5708 0 
0.724418 0.0416849 0.09 0.427818 1.5708 0 
0.724447 0.0416784 0.09 0.428052 1.5708 0 
0.724476 0.041672 0.09 0.428285 1.5708 0 
0.724505 0.0416656 0.09 0.428519 1.5708 0 
0.724534 0.0416592 0.09 0.428752 1.5708 0 
0.724562 0.0416528 0.09 0.428986 1.5708 0 
0.724591 0.0416464 0.09 0.429219 1.5708 0 
0.72462 0.04164 0.09 0.429453 1.5708 0 
0.724649 0.0416337 0.09 0.429687 1.5708 0 
0.724677 0.0416273 0.09 0.42992 1.5708 0 
0.724706 0.0416209 0.09 0.430154 1.5708 0 
0.724734 0.0416146 0.09 0.430388 1.5708 0 
0.724763 0.0416083 0.09 0.430622 1.5708 0 
0.724791 0.041602 0.09 0.430856 1.5708 0 
0.72482 0.0415957 0.09 0.431089 1.5708 0 
0.724848 0.0415894 0.09 0.431323 1.5708 0 
0.724876 0.0415831 0.09 0.431557 1.5708 0 
0.724904 0.0415768 0.09 0.431791 1.5708 0 
0.724933 0.0415705 0.09 0.432025 1.5708 0 
0.724961 0.0415643 0.09 0.432259 1.5708 0 
0.724989 0.041558 0.09 0.432493 1.5708 0 
0.725017 0.0415518 0.09 0.432727 1.5708 0 
0.725045 0.0415456 0.09 0.432962 1.5708 0 
0.725073 0.0415393 0.09 0.433196 1.5708 0 
0.725101 0.0415331 0.09 0.43343 1.5708 0 
0.725129 0.0415269 0.09 0.433664 1.5708 0 
0.725157 0.0415207 0.09 0.433898 1.5708 0 
0.725184 0.0415146 0.09 0.434132 1.5708 0 
0.725212 0.0415084 0.09 0.434366 1.5708 0 
0.72524 0.0415022 0.09 0.434601 1.5708 0 
0.725268 0.0414961 0.09 0.434835 1.5708 0 
0.725295 0.04149 0.09 0.435069 1.5708 0 
0.725323 0.0414838 0.09 0.435303 1.5708 0 
0.72535 0.0414777 0.09 0.435537 1.5708 0 
0.725378 0.0414716 0.09 0.435772 1.5708 0 
0.725405 0.0414655 0.09 0.436006 1.5708 0 
0.725433 0.0414594 0.09 0.43624 1.5708 0 
0.72546 0.0414533 0.09 0.436474 1.5708 0 
0.725487 0.0414473 0.09 0.436708 1.5708 0 
0.725515 0.0414412 0.09 0.436942 1.5708 0 
0.725542 0.0414352 0.09 0.437177 1.5708 0 
0.725569 0.0414291 0.09 0.437411 1.5708 0 
0.725596 0.0414231 0.09 0.437645 1.5708 0 
0.725623 0.0414171 0.09 0.437879 1.5708 0 
0.72565 0.0414111 0.09 0.438113 1.5708 0 
0.725677 0.0414051 0.09 0.438347 1.5708 0 
0.725704 0.0413991 0.09 0.438581 1.5708 0 
0.725731 0.0413931 0.09 0.438815 1.5708 0 
0.725758 0.0413871 0.09 0.439049 1.5708 0 
0.725785 0.0413812 0.09 0.439283 1.5708 0 
0.725812 0.0413752 0.09 0.439517 1.5708 0 
0.725838 0.0413693 0.09 0.439751 1.5708 0 
0.725865 0.0413633 0.09 0.439985 1.5708 0 
0.725892 0.0413574 0.09 0.440219 1.5708 0 
0.725918 0.0413515 0.09 0.440453 1.5708 0 
0.725945 0.0413456 0.09 0.440687 1.5708 0 
0.725971 0.0413397 0.09 0.440921 1.5708 0 
0.725998 0.0413339 0.09 0.441155 1.5708 0 
0.726024 0.041328 0.09 0.441388 1.5708 0 
0.72605 0.0413221 0.09 0.441622 1.5708 0 
0.726077 0.0413163 0.09 0.441856 1.5708 0 
0.726103 0.0413104 0.09 0.442089 1.5708 0 
0.726129 0.0413046 0.09 0.442323 1.5708 0 
0.726155 0.0412988 0.09 0.442557 1.5708 0 
0.726182 0.041293 0.09 0.44279 1.5708 0 
0.726208 0.0412872 0.09 0.443024 1.5708 0 
0.726234 0.0412814 0.09 0.443257 1.5708 0 
0.72626 0.0412756 0.09 0.44349 1.5708 0 
0.726286 0.0412698 0.09 0.443724 1.5708 0 
0.726312 0.0412641 0.09 0.443957 1.5708 0 
0.726338 0.0412583 0.09 0.444191 1.5708 0 
0.726363 0.0412526 0.09 0.444424 1.5708 0 
0.726389 0.0412469 0.09 0.444657 1.5708 0 
0.726415 0.0412411 0.09 0.44489 1.5708 0 
0.726441 0.0412354 0.09 0.445124 1.5708 0 
0.726466 0.0412297 0.09 0.445357 1.5708 0 
0.726492 0.041224 0.09 0.44559 1.5708 0 
0.726517 0.0412183 0.09 0.445823 1.5708 0 
0.726543 0.0412127 0.09 0.446057 1.5708 0 
0.726568 0.041207 0.09 0.44629 1.5708 0 
0.726594 0.0412014 0.09 0.446523 1.5708 0 
0.726619 0.0411957 0.09 0.446756 1.5708 0 
0.726645 0.0411901 0.09 0.44699 1.5708 0 
0.72667 0.0411844 0.09 0.447223 1.5708 0 
0.726695 0.0411788 0.09 0.447456 1.5708 0 
0.726721 0.0411732 0.09 0.44769 1.5708 0 
0.726746 0.0411676 0.09 0.447923 1.5708 0 
0.726771 0.041162 0.09 0.448156 1.5708 0 
0.726796 0.0411565 0.09 0.44839 1.5708 0 
0.726821 0.0411509 0.09 0.448623 1.5708 0 
0.726846 0.0411453 0.09 0.448857 1.5708 0 
0.726871 0.0411398 0.09 0.449091 1.5708 0 
0.726896 0.0411342 0.09 0.449324 1.5708 0 
0.726921 0.0411287 0.09 0.449558 1.5708 0 
0.726946 0.0411232 0.09 0.449792 1.5708 0 
0.726971 0.0411176 0.09 0.450026 1.5708 0 
0.726995 0.0411121 0.09 0.45026 1.5708 0 
0.72702 0.0411066 0.09 0.450493 1.5708 0 
0.727045 0.0411011 0.09 0.450727 1.5708 0 
0.727069 0.0410957 0.09 0.450961 1.5708 0 
0.727094 0.0410902 0.09 0.451195 1.5708 0 
0.727119 0.0410847 0.09 0.451429 1.5708 0 
0.727143 0.0410793 0.09 0.451664 1.5708 0 
0.727168 0.0410738 0.09 0.451898 1.5708 0 
0.727192 0.0410684 0.09 0.452132 1.5708 0 
0.727217 0.041063 0.09 0.452366 1.5708 0 
0.727241 0.0410576 0.09 0.4526 1.5708 0 
0.727265 0.0410521 0.09 0.452835 1.5708 0 
0.72729 0.0410467 0.09 0.453069 1.5708 0 
0.727314 0.0410414 0.09 0.453303 1.5708 0 
0.727338 0.041036 0.09 0.453537 1.5708 0 
0.727362 0.0410306 0.09 0.453772 1.5708 0 
0.727386 0.0410252 0.09 0.454006 1.5708 0 
0.727411 0.0410199 0.09 0.454241 1.5708 0 
0.727435 0.0410145 0.09 0.454475 1.5708 0 
0.727459 0.0410092 0.09 0.454709 1.5708 0 
0.727483 0.0410039 0.09 0.454944 1.5708 0 
0.727506 0.0409986 0.09 0.455178 1.5708 0 
0.72753 0.0409933 0.09 0.455413 1.5708 0 
0.727554 0.040988 0.09 0.455647 1.5708 0 
0.727578 0.0409827 0.09 0.455881 1.5708 0 
0.727602 0.0409774 0.09 0.456116 1.5708 0 
0.727625 0.0409721 0.09 0.45635 1.5708 0 
0.727649 0.0409668 0.09 0.456585 1.5708 0 
0.727673 0.0409616 0.09 0.456819 1.5708 0 
0.727696 0.0409564 0.09 0.457054 1.5708 0 
0.72772 0.0409511 0.09 0.457288 1.5708 0 
0.727744 0.0409459 0.09 0.457522 1.5708 0 
0.727767 0.0409407 0.09 0.457757 1.5708 0 
0.72779 0.0409355 0.09 0.457991 1.5708 0 
0.727814 0.0409303 0.09 0.458226 1.5708 0 
0.727837 0.0409251 0.09 0.45846 1.5708 0 
0.72786 0.0409199 0.09 0.458694 1.5708 0 
0.727884 0.0409147 0.09 0.458929 1.5708 0 
0.727907 0.0409096 0.09 0.459163 1.5708 0 
0.72793 0.0409044 0.09 0.459397 1.5708 0 
0.727953 0.0408993 0.09 0.459631 1.5708 0 
0.727976 0.0408941 0.09 0.459866 1.5708 0 
0.728 0.040889 0.09 0.4601 1.5708 0 
0.728023 0.0408839 0.09 0.460334 1.5708 0 
0.728046 0.0408788 0.09 0.460568 1.5708 0 
0.728068 0.0408737 0.09 0.460802 1.5708 0 
0.728091 0.0408686 0.09 0.461036 1.5708 0 
0.728114 0.0408635 0.09 0.46127 1.5708 0 
0.728137 0.0408584 0.09 0.461504 1.5708 0 
0.72816 0.0408534 0.09 0.461738 1.5708 0 
0.728183 0.0408483 0.09 0.461972 1.5708 0 
0.728205 0.0408433 0.09 0.462206 1.5708 0 
0.728228 0.0408382 0.09 0.46244 1.5708 0 
0.728251 0.0408332 0.09 0.462674 1.5708 0 
0.728273 0.0408282 0.09 0.462907 1.5708 0 
0.728296 0.0408232 0.09 0.463141 1.5708 0 
0.728318 0.0408182 0.09 0.463375 1.5708 0 
0.728341 0.0408132 0.09 0.463608 1.5708 0 
0.728363 0.0408082 0.09 0.463842 1.5708 0 
0.728385 0.0408032 0.09 0.464075 1.5708 0 
0.728408 0.0407983 0.09 0.464309 1.5708 0 
0.72843 0.0407933 0.09 0.464542 1.5708 0 
0.728452 0.0407884 0.09 0.464776 1.5708 0 
0.728474 0.0407835 0.09 0.465009 1.5708 0 
0.728497 0.0407785 0.09 0.465242 1.5708 0 
0.728519 0.0407736 0.09 0.465476 1.5708 0 
0.728541 0.0407687 0.09 0.465709 1.5708 0 
0.728563 0.0407638 0.09 0.465942 1.5708 0 
0.728585 0.0407589 0.09 0.466175 1.5708 0 
0.728607 0.040754 0.09 0.466408 1.5708 0 
0.728629 0.0407492 0.09 0.466642 1.5708 0 
0.728651 0.0407443 0.09 0.466875 1.5708 0 
0.728673 0.0407394 0.09 0.467108 1.5708 0 
0.728694 0.0407346 0.09 0.467341 1.5708 0 
0.728716 0.0407297 0.09 0.467574 1.5708 0 
0.728738 0.0407249 0.09 0.467808 1.5708 0 
0.72876 0.0407201 0.09 0.468041 1.5708 0 
0.728781 0.0407153 0.09 0.468274 1.5708 0 
0.728803 0.0407105 0.09 0.468508 1.5708 0 
0.728824 0.0407057 0.09 0.468741 1.5708 0 
0.728846 0.0407009 0.09 0.468974 1.5708 0 
0.728868 0.0406961 0.09 0.469208 1.5708 0 
0.728889 0.0406913 0.09 0.469441 1.5708 0 
0.72891 0.0406866 0.09 0.469675 1.5708 0 
0.728932 0.0406818 0.09 0.469909 1.5708 0 
0.728953 0.0406771 0.09 0.470142 1.5708 0 
0.728975 0.0406723 0.09 0.470376 1.5708 0 
0.728996 0.0406676 0.09 0.47061 1.5708 0 
0.729017 0.0406629 0.09 0.470844 1.5708 0 
0.729038 0.0406581 0.09 0.471078 1.5708 0 
0.72906 0.0406534 0.09 0.471312 1.5708 0 
0.729081 0.0406487 0.09 0.471546 1.5708 0 
0.729102 0.040644 0.09 0.47178 1.5708 0 
0.729123 0.0406394 0.09 0.472014 1.5708 0 
0.729144 0.0406347 0.09 0.472248 1.5708 0 
0.729165 0.04063 0.09 0.472482 1.5708 0 
0.729186 0.0406253 0.09 0.472716 1.5708 0 
0.729207 0.0406207 0.09 0.472951 1.5708 0 
0.729228 0.0406161 0.09 0.473185 1.5708 0 
0.729249 0.0406114 0.09 0.473419 1.5708 0 
0.729269 0.0406068 0.09 0.473654 1.5708 0 
0.72929 0.0406022 0.09 0.473888 1.5708 0 
0.729311 0.0405976 0.09 0.474123 1.5708 0 
0.729332 0.040593 0.09 0.474357 1.5708 0 
0.729352 0.0405884 0.09 0.474592 1.5708 0 
0.729373 0.0405838 0.09 0.474826 1.5708 0 
0.729394 0.0405792 0.09 0.475061 1.5708 0 
0.729414 0.0405746 0.09 0.475295 1.5708 0 
0.729435 0.0405701 0.09 0.47553 1.5708 0 
0.729455 0.0405655 0.09 0.475765 1.5708 0 
0.729476 0.0405609 0.09 0.475999 1.5708 0 
0.729496 0.0405564 0.09 0.476234 1.5708 0 
0.729517 0.0405519 0.09 0.476469 1.5708 0 
0.729537 0.0405474 0.09 0.476703 1.5708 0 
0.729557 0.0405428 0.09 0.476938 1.5708 0 
0.729578 0.0405383 0.09 0.477173 1.5708 0 
0.729598 0.0405338 0.09 0.477407 1.5708 0 
0.729618 0.0405293 0.09 0.477642 1.5708 0 
0.729638 0.0405249 0.09 0.477877 1.5708 0 
0.729658 0.0405204 0.09 0.478112 1.5708 0 
0.729678 0.0405159 0.09 0.478346 1.5708 0 
0.729698 0.0405115 0.09 0.478581 1.5708 0 
0.729718 0.040507 0.09 0.478816 1.5708 0 
0.729738 0.0405026 0.09 0.47905 1.5708 0 
0.729758 0.0404981 0.09 0.479285 1.5708 0 
0.729778 0.0404937 0.09 0.47952 1.5708 0 
0.729798 0.0404893 0.09 0.479754 1.5708 0 
0.729818 0.0404849 0.09 0.479989 1.5708 0 
0.729838 0.0404805 0.09 0.480223 1.5708 0 
0.729858 0.0404761 0.09 0.480458 1.5708 0 
0.729877 0.0404717 0.09 0.480692 1.5708 0 
0.729897 0.0404673 0.09 0.480927 1.5708 0 
0.729917 0.040463 0.09 0.481161 1.5708 0 
0.729936 0.0404586 0.09 0.481396 1.5708 0 
0.729956 0.0404542 0.09 0.48163 1.5708 0 
0.729975 0.0404499 0.09 0.481865 1.5708 0 
0.729995 0.0404456 0.09 0.482099 1.5708 0 
0.730014 0.0404412 0.09 0.482333 1.5708 0 
0.730034 0.0404369 0.09 0.482567 1.5708 0 
0.730053 0.0404326 0.09 0.482802 1.5708 0 
0.730073 0.0404283 0.09 0.483036 1.5708 0 
0.730092 0.040424 0.09 0.48327 1.5708 0 
0.730111 0.0404197 0.09 0.483504 1.5708 0 
0.730131 0.0404154 0.09 0.483738 1.5708 0 
0.73015 0.0404112 0.09 0.483972 1.5708 0 
0.730169 0.0404069 0.09 0.484206 1.5708 0 
0.730188 0.0404027 0.09 0.48444 1.5708 0 
0.730207 0.0403984 0.09 0.484674 1.5708 0 
0.730226 0.0403942 0.09 0.484908 1.5708 0 
0.730245 0.0403899 0.09 0.485141 1.5708 0 
0.730264 0.0403857 0.09 0.485375 1.5708 0 
0.730283 0.0403815 0.09 0.485609 1.5708 0 
0.730302 0.0403773 0.09 0.485842 1.5708 0 
0.730321 0.0403731 0.09 0.486076 1.5708 0 
0.73034 0.0403689 0.09 0.486309 1.5708 0 
0.730359 0.0403647 0.09 0.486543 1.5708 0 
0.730377 0.0403606 0.09 0.486776 1.5708 0 
0.730396 0.0403564 0.09 0.487009 1.5708 0 
0.730415 0.0403522 0.09 0.487242 1.5708 0 
0.730434 0.0403481 0.09 0.487476 1.5708 0 
0.730452 0.0403439 0.09 0.487709 1.5708 0 
0.730471 0.0403398 0.09 0.487942 1.5708 0 
0.730489 0.0403357 0.09 0.488175 1.5708 0 
0.730508 0.0403316 0.09 0.488408 1.5708 0 
0.730526 0.0403275 0.09 0.488641 1.5708 0 
0.730545 0.0403234 0.09 0.488875 1.5708 0 
0.730563 0.0403193 0.09 0.489108 1.5708 0 
0.730582 0.0403152 0.09 0.489341 1.5708 0 
0.7306 0.0403111 0.09 0.489574 1.5708 0 
0.730618 0.040307 0.09 0.489807 1.5708 0 
0.730637 0.0403029 0.09 0.49004 1.5708 0 
0.730655 0.0402989 0.09 0.490274 1.5708 0 
0.730673 0.0402948 0.09 0.490507 1.5708 0 
0.730691 0.0402908 0.09 0.49074 1.5708 0 
0.73071 0.0402868 0.09 0.490974 1.5708 0 
0.730728 0.0402827 0.09 0.491207 1.5708 0 
0.730746 0.0402787 0.09 0.491441 1.5708 0 
0.730764 0.0402747 0.09 0.491674 1.5708 0 
0.730782 0.0402707 0.09 0.491908 1.5708 0 
0.7308 0.0402667 0.09 0.492142 1.5708 0 
0.730818 0.0402627 0.09 0.492376 1.5708 0 
0.730836 0.0402587 0.09 0.49261 1.5708 0 
0.730854 0.0402547 0.09 0.492844 1.5708 0 
0.730872 0.0402507 0.09 0.493078 1.5708 0 
0.73089 0.0402468 0.09 0.493312 1.5708 0 
0.730907 0.0402428 0.09 0.493546 1.5708 0 
0.730925 0.0402389 0.09 0.49378 1.5708 0 
0.730943 0.0402349 0.09 0.494014 1.5708 0 
0.730961 0.040231 0.09 0.494249 1.5708 0 
0.730978 0.040227 0.09 0.494483 1.5708 0 
0.730996 0.0402231 0.09 0.494718 1.5708 0 
0.731014 0.0402192 0.09 0.494952 1.5708 0 
0.731031 0.0402153 0.09 0.495187 1.5708 0 
0.731049 0.0402114 0.09 0.495421 1.5708 0 
0.731066 0.0402075 0.09 0.495656 1.5708 0 
0.731084 0.0402036 0.09 0.495891 1.5708 0 
0.731101 0.0401997 0.09 0.496126 1.5708 0 
0.731119 0.0401958 0.09 0.49636 1.5708 0 
0.731136 0.0401919 0.09 0.496595 1.5708 0 
0.731154 0.0401881 0.09 0.49683 1.5708 0 
0.731171 0.0401842 0.09 0.497065 1.5708 0 
0.731188 0.0401804 0.09 0.4973 1.5708 0 
0.731206 0.0401765 0.09 0.497535 1.5708 0 
0.731223 0.0401727 0.09 0.49777 1.5708 0 
0.73124 0.0401689 0.09 0.498005 1.5708 0 
0.731257 0.040165 0.09 0.49824 1.5708 0 
0.731274 0.0401612 0.09 0.498475 1.5708 0 
0.731292 0.0401574 0.09 0.49871 1.5708 0 
0.731309 0.0401536 0.09 0.498945 1.5708 0 
0.731326 0.0401498 0.09 0.499181 1.5708 0 
0.731343 0.040146 0.09 0.499416 1.5708 0 
0.73136 0.0401423 0.09 0.499651 1.5708 0 
0.731377 0.0401385 0.09 0.499886 1.5708 0 
0.731394 0.0401347 0.09 0.500121 1.5708 0 
0.731411 0.040131 0.09 0.500356 1.5708 0 
0.731428 0.0401272 0.09 0.500591 1.5708 0 
0.731444 0.0401235 0.09 0.500827 1.5708 0 
0.731461 0.0401197 0.09 0.501062 1.5708 0 
0.731478 0.040116 0.09 0.501297 1.5708 0 
0.731495 0.0401123 0.09 0.501532 1.5708 0 
0.731512 0.0401086 0.09 0.501767 1.5708 0 
0.731528 0.0401048 0.09 0.502002 1.5708 0 
0.731545 0.0401011 0.09 0.502237 1.5708 0 
0.731561 0.0400974 0.09 0.502472 1.5708 0 
0.731578 0.0400938 0.09 0.502707 1.5708 0 
0.731595 0.0400901 0.09 0.502942 1.5708 0 
0.731611 0.0400864 0.09 0.503177 1.5708 0 
0.731628 0.0400827 0.09 0.503412 1.5708 0 
0.731644 0.0400791 0.09 0.503647 1.5708 0 
0.731661 0.0400754 0.09 0.503882 1.5708 0 
0.731677 0.0400718 0.09 0.504117 1.5708 0 
0.731693 0.0400681 0.09 0.504352 1.5708 0 
0.73171 0.0400645 0.09 0.504587 1.5708 0 
0.731726 0.0400609 0.09 0.504822 1.5708 0 
0.731742 0.0400573 0.09 0.505056 1.5708 0 
0.731759 0.0400537 0.09 0.505291 1.5708 0 
0.731775 0.04005 0.09 0.505526 1.5708 0 
0.731791 0.0400465 0.09 0.50576 1.5708 0 
0.731807 0.0400429 0.09 0.505995 1.5708 0 
0.731823 0.0400393 0.09 0.506229 1.5708 0 
0.731839 0.0400357 0.09 0.506464 1.5708 0 
0.731855 0.0400321 0.09 0.506698 1.5708 0 
0.731871 0.0400286 0.09 0.506932 1.5708 0 
0.731887 0.040025 0.09 0.507167 1.5708 0 
0.731903 0.0400215 0.09 0.507401 1.5708 0 
0.731919 0.0400179 0.09 0.507635 1.5708 0 
0.731935 0.0400144 0.09 0.507869 1.5708 0 
0.731951 0.0400109 0.09 0.508103 1.5708 0 
0.731967 0.0400074 0.09 0.508337 1.5708 0 
0.731983 0.0400039 0.09 0.508571 1.5708 0 
0.731998 0.0400004 0.09 0.508805 1.5708 0 
0.732014 0.0399969 0.09 0.509039 1.5708 0 
0.73203 0.0399934 0.09 0.509272 1.5708 0 
0.732046 0.0399899 0.09 0.509506 1.5708 0 
0.732061 0.0399864 0.09 0.50974 1.5708 0 
0.732077 0.0399829 0.09 0.509973 1.5708 0 
0.732092 0.0399795 0.09 0.510207 1.5708 0 
0.732108 0.039976 0.09 0.51044 1.5708 0 
0.732123 0.0399726 0.09 0.510673 1.5708 0 
0.732139 0.0399691 0.09 0.510907 1.5708 0 
0.732154 0.0399657 0.09 0.51114 1.5708 0 
0.73217 0.0399623 0.09 0.511373 1.5708 0 
0.732185 0.0399589 0.09 0.511606 1.5708 0 
0.732201 0.0399554 0.09 0.511839 1.5708 0 
0.732216 0.039952 0.09 0.512073 1.5708 0 
0.732231 0.0399486 0.09 0.512306 1.5708 0 
0.732246 0.0399452 0.09 0.512539 1.5708 0 
0.732262 0.0399419 0.09 0.512772 1.5708 0 
0.732277 0.0399385 0.09 0.513005 1.5708 0 
0.732292 0.0399351 0.09 0.513238 1.5708 0 
0.732307 0.0399317 0.09 0.513471 1.5708 0 
0.732322 0.0399284 0.09 0.513704 1.5708 0 
0.732337 0.039925 0.09 0.513938 1.5708 0 
0.732353 0.0399217 0.09 0.514171 1.5708 0 
0.732368 0.0399183 0.09 0.514404 1.5708 0 
0.732383 0.039915 0.09 0.514637 1.5708 0 
0.732398 0.0399116 0.09 0.514871 1.5708 0 
0.732413 0.0399083 0.09 0.515104 1.5708 0 
0.732427 0.039905 0.09 0.515337 1.5708 0 
0.732442 0.0399017 0.09 0.515571 1.5708 0 
0.732457 0.0398984 0.09 0.515804 1.5708 0 
0.732472 0.0398951 0.09 0.516038 1.5708 0 
0.732487 0.0398918 0.09 0.516271 1.5708 0 
0.732502 0.0398885 0.09 0.516505 1.5708 0 
0.732517 0.0398852 0.09 0.516738 1.5708 0 
0.732531 0.0398819 0.09 0.516972 1.5708 0 
0.732546 0.0398787 0.09 0.517206 1.5708 0 
0.732561 0.0398754 0.09 0.517439 1.5708 0 
0.732575 0.0398721 0.09 0.517673 1.5708 0 
0.73259 0.0398689 0.09 0.517907 1.5708 0 
0.732605 0.0398656 0.09 0.51814 1.5708 0 
0.732619 0.0398624 0.09 0.518374 1.5708 0 
0.732634 0.0398592 0.09 0.518608 1.5708 0 
0.732648 0.0398559 0.09 0.518842 1.5708 0 
0.732663 0.0398527 0.09 0.519075 1.5708 0 
0.732677 0.0398495 0.09 0.519309 1.5708 0 
0.732692 0.0398463 0.09 0.519543 1.5708 0 
0.732706 0.0398431 0.09 0.519777 1.5708 0 
0.73272 0.0398399 0.09 0.520011 1.5708 0 
0.732735 0.0398367 0.09 0.520244 1.5708 0 
0.732749 0.0398335 0.09 0.520478 1.5708 0 
0.732763 0.0398303 0.09 0.520712 1.5708 0 
0.732778 0.0398272 0.09 0.520946 1.5708 0 
0.732792 0.039824 0.09 0.521179 1.5708 0 
0.732806 0.0398208 0.09 0.521413 1.5708 0 
0.73282 0.0398177 0.09 0.521647 1.5708 0 
0.732835 0.0398145 0.09 0.52188 1.5708 0 
0.732849 0.0398114 0.09 0.522114 1.5708 0 
0.732863 0.0398083 0.09 0.522348 1.5708 0 
0.732877 0.0398051 0.09 0.522581 1.5708 0 
0.732891 0.039802 0.09 0.522815 1.5708 0 
0.732905 0.0397989 0.09 0.523048 1.5708 0 
0.732919 0.0397958 0.09 0.523282 1.5708 0 
0.732933 0.0397927 0.09 0.523515 1.5708 0 
0.732947 0.0397896 0.09 0.523749 1.5708 0 
0.732961 0.0397865 0.09 0.523982 1.5708 0 
