3.62812 3.36987 0.395834 
4.93395 4.14865 0.371329 
4.6351 4.08291 0.373539 
4.73384 4.01592 0.38575 
4.72069 4.0632 0.399897 
4.73901 4.03729 0.40107 
4.60208 4.00645 0.37974 
4.49483 3.92515 0.38709 
4.50944 3.91534 0.388645 
4.38106 3.84872 0.411271 
4.41922 3.79159 0.424865 
4.48758 3.82277 0.429766 
4.3249 3.73484 0.419553 
4.3375 3.713 0.437744 
4.30158 3.69822 0.434108 
4.33188 3.7381 0.445106 
4.29038 3.69704 0.440905 
4.18167 3.66868 0.451889 
4.27603 3.66795 0.460505 
3.42476 3.27644 0.450085 
3.57913 3.4122 0.423286 
3.44892 3.35818 0.437663 
4.73006 4.12936 0.35728 
4.82036 4.12256 0.365572 
4.70972 4.11885 0.371706 
4.6354 4.06066 0.390298 
4.49556 3.95547 0.396232 
3.44779 3.35009 0.413331 
4.43936 3.87268 0.381401 
4.4245 3.84324 0.400923 
4.41344 3.83214 0.405921 
4.45708 3.83524 0.407672 
4.21506 3.68588 0.429056 
4.215 3.65596 0.417313 
4.23552 3.68592 0.434866 
4.26072 3.70295 0.445197 
4.23411 3.68614 0.448902 
4.29808 3.69281 0.469637 
4.29581 3.71797 0.437423 
4.39416 3.7595 0.460589 
4.78696 4.09376 0.377763 
4.66231 4.0781 0.391824 
4.5846 4.11597 0.379631 
4.65055 4.08188 0.387224 
4.70172 4.08095 0.377676 
4.78193 4.08992 0.385871 
4.78447 4.057 0.37604 
4.57458 4.08323 0.371917 
4.70576 4.05342 0.394434 
4.76454 4.06102 0.386369 
4.79243 4.05147 0.392996 
4.67786 4.03178 0.386396 
4.73616 4.02476 0.382299 
4.63086 4.04475 0.408029 
4.56107 3.99207 0.384368 
4.52658 4.04448 0.387753 
4.59222 4.0175 0.406567 
4.60515 3.99379 0.389201 
4.6586 4.00826 0.392413 
4.64627 4.02723 0.395422 
4.77659 4.12491 0.369065 
4.80461 4.13467 0.383429 
4.72134 4.06738 0.383494 
4.84343 4.09924 0.388401 
4.78119 4.11952 0.395573 
4.7649 4.12293 0.385601 
4.60383 4.07481 0.389303 
4.71547 4.08213 0.378335 
4.64337 4.00278 0.403021 
4.75919 4.05804 0.373012 
4.63406 4.02615 0.387118 
4.58442 4.06949 0.38691 
4.63301 4.06892 0.386782 
4.62631 4.0115 0.393375 
4.62455 4.07157 0.405839 
4.67467 4.01623 0.39743 
4.65692 3.96912 0.399648 
4.57151 4.02911 0.39538 
4.55992 3.98909 0.388971 
4.54661 4.0192 0.389937 
4.51902 3.89211 0.400439 
4.48438 3.9034 0.409452 
4.39697 3.9062 0.406048 
4.51657 3.88706 0.390682 
4.4121 3.87159 0.38739 
4.45747 3.88578 0.375787 
4.49898 3.85392 0.410571 
4.45903 3.89218 0.397432 
4.42351 3.92204 0.397669 
4.56097 3.87794 0.394024 
4.60007 3.90667 0.396541 
4.4184 3.8177 0.390166 
4.4964 3.85209 0.40071 
3.40181 3.33366 0.436798 
3.40626 3.29727 0.451913 
3.38938 3.2862 0.450252 
4.41001 3.87848 0.414316 
4.41442 3.87709 0.412733 
4.3492 3.84881 0.395065 
4.45211 3.87523 0.401182 
4.42163 3.88054 0.410597 
3.48858 3.31384 0.431632 
4.42412 3.94863 0.393066 
4.50665 3.87569 0.373751 
4.47722 3.89217 0.393321 
4.52783 3.85625 0.390693 
4.47147 3.89564 0.394197 
4.50649 3.86565 0.385488 
4.53969 3.88284 0.404739 
4.43594 3.86752 0.396362 
4.54951 3.8714 0.39996 
4.4559 3.8306 0.400056 
4.51456 3.86619 0.407306 
4.4246 3.866 0.393536 
4.37145 3.83283 0.408793 
4.4018 3.90795 0.399052 
4.38351 3.82762 0.402153 
4.36549 3.85237 0.413547 
4.55398 3.87233 0.413464 
4.32694 3.81889 0.415604 
4.41226 3.72383 0.41276 
4.31287 3.72125 0.409716 
4.35958 3.7781 0.440147 
4.24936 3.70565 0.442289 
4.2653 3.70453 0.406302 
4.22752 3.72722 0.425783 
4.29368 3.69623 0.428809 
4.28352 3.69016 0.410929 
4.25294 3.73563 0.428205 
4.28238 3.67619 0.43637 
4.35008 3.75293 0.436241 
4.32189 3.74899 0.415257 
4.29182 3.72761 0.439677 
4.26458 3.67234 0.425821 
4.27624 3.71634 0.441907 
4.31665 3.71323 0.414621 
4.26058 3.71027 0.432572 
4.34951 3.72122 0.44879 
4.24107 3.64835 0.444332 
4.29759 3.63214 0.419925 
4.2729 3.74841 0.435996 
4.2268 3.68066 0.439784 
4.33018 3.7027 0.426136 
4.26951 3.7401 0.435233 
4.28825 3.75158 0.44313 
4.2898 3.71735 0.42765 
4.30515 3.70438 0.433848 
4.39432 3.77547 0.428512 
4.24235 3.69413 0.432111 
4.33603 3.69793 0.442763 
4.29196 3.71532 0.431209 
4.31246 3.73138 0.428698 
4.30603 3.71586 0.455166 
4.17117 3.65748 0.432288 
4.22965 3.74978 0.411337 
4.31179 3.70964 0.424987 
4.28654 3.69432 0.429839 
4.29248 3.69163 0.450038 
4.32551 3.71268 0.434357 
4.30614 3.71783 0.434574 
4.91869 4.23252 0.35879 
4.87158 4.18464 0.368906 
4.86364 4.17716 0.364599 
4.89602 4.18006 0.373331 
4.71705 4.08265 0.377559 
4.80085 4.06521 0.40501 
4.63412 4.01995 0.392514 
4.60546 3.99886 0.381265 
4.48047 3.91083 0.38773 
4.4902 3.94235 0.413099 
4.38519 3.85034 0.407653 
4.35789 3.78712 0.420288 
4.36689 3.80415 0.417631 
4.20698 3.71779 0.425137 
4.26281 3.72004 0.429184 
4.24199 3.68029 0.415512 
4.29733 3.71752 0.425771 
4.32376 3.74506 0.445161 
4.31322 3.69257 0.458173 
4.28225 3.67357 0.463757 
