0 -449.931 351.432 -10.8379,3 23 134,0.83544 0.080907 0.3152,0.83544 -0.079835 0.3152,0.69364 0.056607 0.29718
1 -177.737 249.027 -10.8294,3 23 136,0.83544 0.080907 0.3152,0.83544 -0.079835 0.3152,0.69207 0.060731 0.29515
2 -142.128 210.974 -10.8333,3 23 155,0.83544 0.080907 0.3152,0.83544 -0.079835 0.3152,0.69285 -0.057322 0.29628
3 -103.589 194.063 -10.6527,3 23 179,0.83544 0.080907 0.3152,0.83544 -0.079835 0.3152,0.62946 0.00054929 0.29076
4 -113.096 228.055 -10.6527,3 23 179,0.83544 0.080907 0.3152,0.83544 -0.079835 0.3152,0.62946 0.00054929 0.29076
5 -86.3394 163.75 -10.0375,1 23 38,0.86254 0.08388 0.31715,0.83544 -0.079835 0.3152,0.63213 -0.06185 0.28973
6 -107.451 198.991 -9.99781,1 23 179,0.86254 0.08388 0.31715,0.83544 -0.079835 0.3152,0.62946 0.00054929 0.29076
7 -144.958 233.854 -9.99781,1 23 179,0.86254 0.08388 0.31715,0.83544 -0.079835 0.3152,0.62946 0.00054929 0.29076
8 -97.8554 222.157 -9.99603,1 23 132,0.86254 0.08388 0.31715,0.83544 -0.079835 0.3152,0.69521 0.053196 0.2989
9 -91.1128 190.988 -9.9908,1 23 124,0.86254 0.08388 0.31715,0.83544 -0.079835 0.3152,0.70148 0.026525 0.30401
10 -117.657 215.33 -9.9908,1 23 124,0.86254 0.08388 0.31715,0.83544 -0.079835 0.3152,0.70148 0.026525 0.30401
11 -131.214 222.966 -9.9908,1 23 124,0.86254 0.08388 0.31715,0.83544 -0.079835 0.3152,0.70148 0.026525 0.30401
12 -127.314 231.636 -9.9908,1 23 124,0.86254 0.08388 0.31715,0.83544 -0.079835 0.3152,0.70148 0.026525 0.30401
13 -97.1643 191.015 -9.9908,1 23 124,0.86254 0.08388 0.31715,0.83544 -0.079835 0.3152,0.70148 0.026525 0.30401
14 -134.82 244.183 -9.9908,1 23 124,0.86254 0.08388 0.31715,0.83544 -0.079835 0.3152,0.70148 0.026525 0.30401
15 -113.292 224.208 -9.9908,1 23 124,0.86254 0.08388 0.31715,0.83544 -0.079835 0.3152,0.70148 0.026525 0.30401
16 -108.941 216.421 -9.9908,1 23 124,0.86254 0.08388 0.31715,0.83544 -0.079835 0.3152,0.70148 0.026525 0.30401
17 -138.057 250.405 -9.9908,1 23 124,0.86254 0.08388 0.31715,0.83544 -0.079835 0.3152,0.70148 0.026525 0.30401
18 -99.3639 188.132 -9.9908,1 23 124,0.86254 0.08388 0.31715,0.83544 -0.079835 0.3152,0.70148 0.026525 0.30401
19 -116 202.692 -9.9908,1 23 124,0.86254 0.08388 0.31715,0.83544 -0.079835 0.3152,0.70148 0.026525 0.30401
20 -121.358 238.363 -9.9908,1 23 124,0.86254 0.08388 0.31715,0.83544 -0.079835 0.3152,0.70148 0.026525 0.30401
21 -115.084 216.011 -9.9908,1 23 124,0.86254 0.08388 0.31715,0.83544 -0.079835 0.3152,0.70148 0.026525 0.30401
22 -116.798 224.957 -9.9908,1 23 124,0.86254 0.08388 0.31715,0.83544 -0.079835 0.3152,0.70148 0.026525 0.30401
23 -126.187 220.638 -9.9908,1 23 124,0.86254 0.08388 0.31715,0.83544 -0.079835 0.3152,0.70148 0.026525 0.30401
24 -121.829 220.419 -9.9908,1 23 124,0.86254 0.08388 0.31715,0.83544 -0.079835 0.3152,0.70148 0.026525 0.30401
25 -114.947 212.46 -9.9908,1 23 124,0.86254 0.08388 0.31715,0.83544 -0.079835 0.3152,0.70148 0.026525 0.30401
26 -132.637 238.22 -9.9908,1 23 124,0.86254 0.08388 0.31715,0.83544 -0.079835 0.3152,0.70148 0.026525 0.30401
27 -117.33 206.592 -9.9908,1 23 124,0.86254 0.08388 0.31715,0.83544 -0.079835 0.3152,0.70148 0.026525 0.30401
28 -145.122 221.421 -9.9908,1 23 124,0.86254 0.08388 0.31715,0.83544 -0.079835 0.3152,0.70148 0.026525 0.30401
29 -109.392 210.604 -9.9908,1 23 124,0.86254 0.08388 0.31715,0.83544 -0.079835 0.3152,0.70148 0.026525 0.30401
30 -118.386 214.517 -9.9908,1 23 124,0.86254 0.08388 0.31715,0.83544 -0.079835 0.3152,0.70148 0.026525 0.30401
31 -106.176 199.798 -9.9908,1 23 124,0.86254 0.08388 0.31715,0.83544 -0.079835 0.3152,0.70148 0.026525 0.30401
32 -116.363 231.518 -9.9908,1 23 124,0.86254 0.08388 0.31715,0.83544 -0.079835 0.3152,0.70148 0.026525 0.30401
33 -106.754 226.811 -9.9908,1 23 124,0.86254 0.08388 0.31715,0.83544 -0.079835 0.3152,0.70148 0.026525 0.30401
34 -134.422 259.891 -9.9908,1 23 124,0.86254 0.08388 0.31715,0.83544 -0.079835 0.3152,0.70148 0.026525 0.30401
35 -106.102 205.674 -9.9908,1 23 124,0.86254 0.08388 0.31715,0.83544 -0.079835 0.3152,0.70148 0.026525 0.30401
36 -137.108 246.089 -9.9908,1 23 124,0.86254 0.08388 0.31715,0.83544 -0.079835 0.3152,0.70148 0.026525 0.30401
37 -96.646 192.407 -9.9908,1 23 124,0.86254 0.08388 0.31715,0.83544 -0.079835 0.3152,0.70148 0.026525 0.30401
38 -85.3839 199.028 -9.9908,1 23 124,0.86254 0.08388 0.31715,0.83544 -0.079835 0.3152,0.70148 0.026525 0.30401
39 -106.675 202.401 -9.9908,1 23 124,0.86254 0.08388 0.31715,0.83544 -0.079835 0.3152,0.70148 0.026525 0.30401
40 -140.348 216.424 -9.9908,1 23 124,0.86254 0.08388 0.31715,0.83544 -0.079835 0.3152,0.70148 0.026525 0.30401
41 -154.554 267.131 -9.9908,1 23 124,0.86254 0.08388 0.31715,0.83544 -0.079835 0.3152,0.70148 0.026525 0.30401
42 -134.773 245.135 -9.9908,1 23 124,0.86254 0.08388 0.31715,0.83544 -0.079835 0.3152,0.70148 0.026525 0.30401
43 -139.548 220.536 -9.9908,1 23 124,0.86254 0.08388 0.31715,0.83544 -0.079835 0.3152,0.70148 0.026525 0.30401
44 -147.088 263.506 -9.9908,1 23 124,0.86254 0.08388 0.31715,0.83544 -0.079835 0.3152,0.70148 0.026525 0.30401
45 -117.554 222.68 -9.9908,1 23 124,0.86254 0.08388 0.31715,0.83544 -0.079835 0.3152,0.70148 0.026525 0.30401
46 -107.16 195.764 -9.9908,1 23 124,0.86254 0.08388 0.31715,0.83544 -0.079835 0.3152,0.70148 0.026525 0.30401
47 -131.575 208.924 -9.9908,1 23 124,0.86254 0.08388 0.31715,0.83544 -0.079835 0.3152,0.70148 0.026525 0.30401
48 -134.378 241.706 -9.9908,1 23 124,0.86254 0.08388 0.31715,0.83544 -0.079835 0.3152,0.70148 0.026525 0.30401
49 -140.044 254.353 -9.9908,1 23 124,0.86254 0.08388 0.31715,0.83544 -0.079835 0.3152,0.70148 0.026525 0.30401
50 -110.039 196.607 -9.9908,1 23 124,0.86254 0.08388 0.31715,0.83544 -0.079835 0.3152,0.70148 0.026525 0.30401
51 -128.005 228.71 -9.9908,1 23 124,0.86254 0.08388 0.31715,0.83544 -0.079835 0.3152,0.70148 0.026525 0.30401
52 -102.752 195.025 -9.9908,1 23 124,0.86254 0.08388 0.31715,0.83544 -0.079835 0.3152,0.70148 0.026525 0.30401
53 -163.122 243.946 -9.9908,1 23 124,0.86254 0.08388 0.31715,0.83544 -0.079835 0.3152,0.70148 0.026525 0.30401
54 -108.679 209.476 -9.9908,1 23 124,0.86254 0.08388 0.31715,0.83544 -0.079835 0.3152,0.70148 0.026525 0.30401
55 -104.136 220.627 -9.9908,1 23 124,0.86254 0.08388 0.31715,0.83544 -0.079835 0.3152,0.70148 0.026525 0.30401
56 -109.942 203.076 -9.9908,1 23 124,0.86254 0.08388 0.31715,0.83544 -0.079835 0.3152,0.70148 0.026525 0.30401
57 -106.505 206.729 -9.9908,1 23 124,0.86254 0.08388 0.31715,0.83544 -0.079835 0.3152,0.70148 0.026525 0.30401
58 -91.6982 174.941 -9.9908,1 23 124,0.86254 0.08388 0.31715,0.83544 -0.079835 0.3152,0.70148 0.026525 0.30401
59 -125.034 236.212 -9.9908,1 23 124,0.86254 0.08388 0.31715,0.83544 -0.079835 0.3152,0.70148 0.026525 0.30401
60 -130.374 230.4 -9.9908,1 23 124,0.86254 0.08388 0.31715,0.83544 -0.079835 0.3152,0.70148 0.026525 0.30401
61 -138.079 235.437 -9.9908,1 23 124,0.86254 0.08388 0.31715,0.83544 -0.079835 0.3152,0.70148 0.026525 0.30401
62 -111.282 195.79 -9.9908,1 23 124,0.86254 0.08388 0.31715,0.83544 -0.079835 0.3152,0.70148 0.026525 0.30401
63 -108.028 193.94 -9.9908,1 23 124,0.86254 0.08388 0.31715,0.83544 -0.079835 0.3152,0.70148 0.026525 0.30401
64 -137.4 237.869 -9.9908,1 23 124,0.86254 0.08388 0.31715,0.83544 -0.079835 0.3152,0.70148 0.026525 0.30401
65 -139.084 261.446 -9.9908,1 23 124,0.86254 0.08388 0.31715,0.83544 -0.079835 0.3152,0.70148 0.026525 0.30401
66 -126.618 249.172 -9.9908,1 23 124,0.86254 0.08388 0.31715,0.83544 -0.079835 0.3152,0.70148 0.026525 0.30401
67 -86.0784 194.894 -9.9908,1 23 124,0.86254 0.08388 0.31715,0.83544 -0.079835 0.3152,0.70148 0.026525 0.30401
68 -147.074 237.473 -9.9908,1 23 124,0.86254 0.08388 0.31715,0.83544 -0.079835 0.3152,0.70148 0.026525 0.30401
69 -117.759 209.107 -9.9908,1 23 124,0.86254 0.08388 0.31715,0.83544 -0.079835 0.3152,0.70148 0.026525 0.30401
70 -105.076 205.98 -9.9908,1 23 124,0.86254 0.08388 0.31715,0.83544 -0.079835 0.3152,0.70148 0.026525 0.30401
71 -110.678 216.813 -9.9908,1 23 124,0.86254 0.08388 0.31715,0.83544 -0.079835 0.3152,0.70148 0.026525 0.30401
72 -114.944 215.276 -9.9908,1 23 124,0.86254 0.08388 0.31715,0.83544 -0.079835 0.3152,0.70148 0.026525 0.30401
73 -108.991 213.877 -9.9908,1 23 124,0.86254 0.08388 0.31715,0.83544 -0.079835 0.3152,0.70148 0.026525 0.30401
74 -154.362 263.329 -9.9908,1 23 124,0.86254 0.08388 0.31715,0.83544 -0.079835 0.3152,0.70148 0.026525 0.30401
75 -121.747 230.047 -9.9908,1 23 124,0.86254 0.08388 0.31715,0.83544 -0.079835 0.3152,0.70148 0.026525 0.30401
76 -138.315 233.637 -9.9908,1 23 124,0.86254 0.08388 0.31715,0.83544 -0.079835 0.3152,0.70148 0.026525 0.30401
77 -115.296 216.789 -9.9908,1 23 124,0.86254 0.08388 0.31715,0.83544 -0.079835 0.3152,0.70148 0.026525 0.30401
78 -143.681 246.382 -9.9908,1 23 124,0.86254 0.08388 0.31715,0.83544 -0.079835 0.3152,0.70148 0.026525 0.30401
79 -173.458 260.943 -9.9908,1 23 124,0.86254 0.08388 0.31715,0.83544 -0.079835 0.3152,0.70148 0.026525 0.30401
80 -123.362 212.162 -9.9908,1 23 124,0.86254 0.08388 0.31715,0.83544 -0.079835 0.3152,0.70148 0.026525 0.30401
81 -148.311 245.217 -9.9908,1 23 124,0.86254 0.08388 0.31715,0.83544 -0.079835 0.3152,0.70148 0.026525 0.30401
82 -121.457 214.528 -9.9908,1 23 124,0.86254 0.08388 0.31715,0.83544 -0.079835 0.3152,0.70148 0.026525 0.30401
83 -151.358 247.92 -9.9908,1 23 124,0.86254 0.08388 0.31715,0.83544 -0.079835 0.3152,0.70148 0.026525 0.30401
84 -101.92 201.905 -9.9908,1 23 124,0.86254 0.08388 0.31715,0.83544 -0.079835 0.3152,0.70148 0.026525 0.30401
85 -140.521 243.902 -9.9908,1 23 124,0.86254 0.08388 0.31715,0.83544 -0.079835 0.3152,0.70148 0.026525 0.30401
86 -116.094 198.806 -9.9908,1 23 124,0.86254 0.08388 0.31715,0.83544 -0.079835 0.3152,0.70148 0.026525 0.30401
87 -121.355 217.681 -9.9908,1 23 124,0.86254 0.08388 0.31715,0.83544 -0.079835 0.3152,0.70148 0.026525 0.30401
88 -143.569 248.011 -9.9908,1 23 124,0.86254 0.08388 0.31715,0.83544 -0.079835 0.3152,0.70148 0.026525 0.30401
89 -121.407 220.229 -9.9908,1 23 124,0.86254 0.08388 0.31715,0.83544 -0.079835 0.3152,0.70148 0.026525 0.30401
90 -98.5158 202.628 -9.9908,1 23 124,0.86254 0.08388 0.31715,0.83544 -0.079835 0.3152,0.70148 0.026525 0.30401
91 -136.816 234.856 -9.9908,1 23 124,0.86254 0.08388 0.31715,0.83544 -0.079835 0.3152,0.70148 0.026525 0.30401
92 -120.52 214.652 -9.9908,1 23 124,0.86254 0.08388 0.31715,0.83544 -0.079835 0.3152,0.70148 0.026525 0.30401
93 -79.9057 149.26 -9.9908,1 23 124,0.86254 0.08388 0.31715,0.83544 -0.079835 0.3152,0.70148 0.026525 0.30401
94 -144.348 263.693 -9.9908,1 23 124,0.86254 0.08388 0.31715,0.83544 -0.079835 0.3152,0.70148 0.026525 0.30401
95 -153.426 252.476 -9.9908,1 23 124,0.86254 0.08388 0.31715,0.83544 -0.079835 0.3152,0.70148 0.026525 0.30401
96 -99.0274 185.947 -9.9908,1 23 124,0.86254 0.08388 0.31715,0.83544 -0.079835 0.3152,0.70148 0.026525 0.30401
97 -181.02 303.864 -9.9908,1 23 124,0.86254 0.08388 0.31715,0.83544 -0.079835 0.3152,0.70148 0.026525 0.30401
98 -115.098 210.127 -9.9908,1 23 124,0.86254 0.08388 0.31715,0.83544 -0.079835 0.3152,0.70148 0.026525 0.30401
99 -112.519 197.421 -9.9908,1 23 124,0.86254 0.08388 0.31715,0.83544 -0.079835 0.3152,0.70148 0.026525 0.30401
