0 -526.89 398.663 -10.8533,160 76 147,0.89182 0.00048584 0.31399,0.80271 -0.073167 0.31261,0.69913 -0.037654 0.30347
1 -219.49 265.881 -10.8533,160 76 147,0.89182 0.00048584 0.31399,0.80271 -0.073167 0.31261,0.69913 -0.037654 0.30347
2 -132.05 208.993 -10.8533,160 76 147,0.89182 0.00048584 0.31399,0.80271 -0.073167 0.31261,0.69913 -0.037654 0.30347
3 -170.994 272.394 -10.7668,160 76 175,0.89182 0.00048584 0.31399,0.80271 -0.073167 0.31261,0.6847 0.0002093 0.29923
4 -158.801 264.384 -10.5294,160 24 147,0.89182 0.00048584 0.31399,0.82188 -0.07911 0.31331,0.69913 -0.037654 0.30347
5 -154.612 258.457 -10.4858,160 24 13,0.89182 0.00048584 0.31399,0.82188 -0.07911 0.31331,0.6999 0.074303 0.28837
6 -114.269 207.908 -10.4853,160 24 97,0.89182 0.00048584 0.31399,0.82188 -0.07911 0.31331,0.75277 0.06609 0.30171
7 -138.512 224.541 -10.4849,160 24 11,0.89182 0.00048584 0.31399,0.82188 -0.07911 0.31331,0.727 0.07631 0.29111
8 -136.919 233.103 -10.4849,160 24 11,0.89182 0.00048584 0.31399,0.82188 -0.07911 0.31331,0.727 0.07631 0.29111
9 -161.19 238.455 -10.4849,160 24 11,0.89182 0.00048584 0.31399,0.82188 -0.07911 0.31331,0.727 0.07631 0.29111
10 -154.302 234.469 -10.4849,160 24 11,0.89182 0.00048584 0.31399,0.82188 -0.07911 0.31331,0.727 0.07631 0.29111
11 -97.5003 189.852 -10.4849,160 24 11,0.89182 0.00048584 0.31399,0.82188 -0.07911 0.31331,0.727 0.07631 0.29111
12 -116.48 216.958 -10.4849,160 24 11,0.89182 0.00048584 0.31399,0.82188 -0.07911 0.31331,0.727 0.07631 0.29111
13 -128.796 213.284 -10.4605,1 24 11,0.86254 0.08388 0.31715,0.82188 -0.07911 0.31331,0.727 0.07631 0.29111
14 -117.508 196.73 -10.4605,1 24 11,0.86254 0.08388 0.31715,0.82188 -0.07911 0.31331,0.727 0.07631 0.29111
15 -131.576 231.736 -10.1447,1 24 135,0.86254 0.08388 0.31715,0.82188 -0.07911 0.31331,0.69285 0.058394 0.29628
16 -146.037 246.842 -10.142,1 24 127,0.86254 0.08388 0.31715,0.82188 -0.07911 0.31331,0.69913 0.038726 0.30347
17 -104.321 211.331 -10.142,1 24 127,0.86254 0.08388 0.31715,0.82188 -0.07911 0.31331,0.69913 0.038726 0.30347
18 -132.253 245.426 -10.142,1 24 127,0.86254 0.08388 0.31715,0.82188 -0.07911 0.31331,0.69913 0.038726 0.30347
19 -133.697 224.403 -10.142,1 24 127,0.86254 0.08388 0.31715,0.82188 -0.07911 0.31331,0.69913 0.038726 0.30347
20 -121.297 231.377 -10.142,1 24 127,0.86254 0.08388 0.31715,0.82188 -0.07911 0.31331,0.69913 0.038726 0.30347
21 -143.416 267.15 -10.142,1 24 127,0.86254 0.08388 0.31715,0.82188 -0.07911 0.31331,0.69913 0.038726 0.30347
22 -112.47 202.158 -10.142,1 24 127,0.86254 0.08388 0.31715,0.82188 -0.07911 0.31331,0.69913 0.038726 0.30347
23 -112.56 214.109 -10.142,1 24 127,0.86254 0.08388 0.31715,0.82188 -0.07911 0.31331,0.69913 0.038726 0.30347
24 -121.016 234.419 -10.142,1 24 127,0.86254 0.08388 0.31715,0.82188 -0.07911 0.31331,0.69913 0.038726 0.30347
25 -120.402 220.038 -10.142,1 24 127,0.86254 0.08388 0.31715,0.82188 -0.07911 0.31331,0.69913 0.038726 0.30347
26 -148.559 252.793 -10.142,1 24 127,0.86254 0.08388 0.31715,0.82188 -0.07911 0.31331,0.69913 0.038726 0.30347
27 -117.219 211.645 -9.992,1 23 127,0.86254 0.08388 0.31715,0.83544 -0.079835 0.3152,0.69913 0.038726 0.30347
28 -94.2921 194.926 -9.992,1 23 127,0.86254 0.08388 0.31715,0.83544 -0.079835 0.3152,0.69913 0.038726 0.30347
29 -127.468 245.033 -9.992,1 23 127,0.86254 0.08388 0.31715,0.83544 -0.079835 0.3152,0.69913 0.038726 0.30347
30 -160.461 272.464 -9.992,1 23 127,0.86254 0.08388 0.31715,0.83544 -0.079835 0.3152,0.69913 0.038726 0.30347
31 -142.894 224.664 -9.992,1 23 127,0.86254 0.08388 0.31715,0.83544 -0.079835 0.3152,0.69913 0.038726 0.30347
32 -149.923 249.167 -9.992,1 23 127,0.86254 0.08388 0.31715,0.83544 -0.079835 0.3152,0.69913 0.038726 0.30347
33 -108.386 206.464 -9.992,1 23 127,0.86254 0.08388 0.31715,0.83544 -0.079835 0.3152,0.69913 0.038726 0.30347
34 -166.947 283.975 -9.992,1 23 127,0.86254 0.08388 0.31715,0.83544 -0.079835 0.3152,0.69913 0.038726 0.30347
35 -90.7372 202.823 -9.9908,1 23 124,0.86254 0.08388 0.31715,0.83544 -0.079835 0.3152,0.70148 0.026525 0.30401
36 -97.4672 198.486 -9.9908,1 23 124,0.86254 0.08388 0.31715,0.83544 -0.079835 0.3152,0.70148 0.026525 0.30401
37 -145.178 251.613 -9.9908,1 23 124,0.86254 0.08388 0.31715,0.83544 -0.079835 0.3152,0.70148 0.026525 0.30401
38 -105.859 193.899 -9.9908,1 23 124,0.86254 0.08388 0.31715,0.83544 -0.079835 0.3152,0.70148 0.026525 0.30401
39 -130.221 234.815 -9.9908,1 23 124,0.86254 0.08388 0.31715,0.83544 -0.079835 0.3152,0.70148 0.026525 0.30401
40 -115.203 215.515 -9.9908,1 23 124,0.86254 0.08388 0.31715,0.83544 -0.079835 0.3152,0.70148 0.026525 0.30401
41 -106.968 205.302 -9.9908,1 23 124,0.86254 0.08388 0.31715,0.83544 -0.079835 0.3152,0.70148 0.026525 0.30401
42 -139.137 256.635 -9.9908,1 23 124,0.86254 0.08388 0.31715,0.83544 -0.079835 0.3152,0.70148 0.026525 0.30401
43 -111.739 211.586 -9.9908,1 23 124,0.86254 0.08388 0.31715,0.83544 -0.079835 0.3152,0.70148 0.026525 0.30401
44 -137.775 254.895 -9.9908,1 23 124,0.86254 0.08388 0.31715,0.83544 -0.079835 0.3152,0.70148 0.026525 0.30401
45 -84.3253 173.474 -9.9908,1 23 124,0.86254 0.08388 0.31715,0.83544 -0.079835 0.3152,0.70148 0.026525 0.30401
46 -142.147 260.093 -9.9908,1 23 124,0.86254 0.08388 0.31715,0.83544 -0.079835 0.3152,0.70148 0.026525 0.30401
47 -141.562 234.157 -9.9908,1 23 124,0.86254 0.08388 0.31715,0.83544 -0.079835 0.3152,0.70148 0.026525 0.30401
48 -134.965 253.22 -9.9908,1 23 124,0.86254 0.08388 0.31715,0.83544 -0.079835 0.3152,0.70148 0.026525 0.30401
49 -123.247 245.321 -9.9908,1 23 124,0.86254 0.08388 0.31715,0.83544 -0.079835 0.3152,0.70148 0.026525 0.30401
50 -128.458 245.619 -9.9908,1 23 124,0.86254 0.08388 0.31715,0.83544 -0.079835 0.3152,0.70148 0.026525 0.30401
51 -133.183 224.659 -9.9908,1 23 124,0.86254 0.08388 0.31715,0.83544 -0.079835 0.3152,0.70148 0.026525 0.30401
52 -181.744 268.784 -9.9908,1 23 124,0.86254 0.08388 0.31715,0.83544 -0.079835 0.3152,0.70148 0.026525 0.30401
53 -111.9 221.376 -9.9908,1 23 124,0.86254 0.08388 0.31715,0.83544 -0.079835 0.3152,0.70148 0.026525 0.30401
54 -98.835 199.837 -9.9908,1 23 124,0.86254 0.08388 0.31715,0.83544 -0.079835 0.3152,0.70148 0.026525 0.30401
55 -113.295 214.282 -9.9908,1 23 124,0.86254 0.08388 0.31715,0.83544 -0.079835 0.3152,0.70148 0.026525 0.30401
56 -146.669 245.732 -9.9908,1 23 124,0.86254 0.08388 0.31715,0.83544 -0.079835 0.3152,0.70148 0.026525 0.30401
57 -121.026 221.712 -9.9908,1 23 124,0.86254 0.08388 0.31715,0.83544 -0.079835 0.3152,0.70148 0.026525 0.30401
58 -121.46 228.477 -9.9908,1 23 124,0.86254 0.08388 0.31715,0.83544 -0.079835 0.3152,0.70148 0.026525 0.30401
59 -161.777 269.168 -9.9908,1 23 124,0.86254 0.08388 0.31715,0.83544 -0.079835 0.3152,0.70148 0.026525 0.30401
60 -115.911 193.094 -9.9908,1 23 124,0.86254 0.08388 0.31715,0.83544 -0.079835 0.3152,0.70148 0.026525 0.30401
61 -101.389 192.244 -9.9908,1 23 124,0.86254 0.08388 0.31715,0.83544 -0.079835 0.3152,0.70148 0.026525 0.30401
62 -106.033 212.611 -9.9908,1 23 124,0.86254 0.08388 0.31715,0.83544 -0.079835 0.3152,0.70148 0.026525 0.30401
63 -120.834 226.371 -9.9908,1 23 124,0.86254 0.08388 0.31715,0.83544 -0.079835 0.3152,0.70148 0.026525 0.30401
64 -126.552 231.392 -9.9908,1 23 124,0.86254 0.08388 0.31715,0.83544 -0.079835 0.3152,0.70148 0.026525 0.30401
65 -101.95 214.714 -9.9908,1 23 124,0.86254 0.08388 0.31715,0.83544 -0.079835 0.3152,0.70148 0.026525 0.30401
66 -129.244 230.509 -9.9908,1 23 124,0.86254 0.08388 0.31715,0.83544 -0.079835 0.3152,0.70148 0.026525 0.30401
67 -128.5 241.261 -9.9908,1 23 124,0.86254 0.08388 0.31715,0.83544 -0.079835 0.3152,0.70148 0.026525 0.30401
68 -134.264 232.425 -9.9908,1 23 124,0.86254 0.08388 0.31715,0.83544 -0.079835 0.3152,0.70148 0.026525 0.30401
69 -136.361 230.403 -9.9908,1 23 124,0.86254 0.08388 0.31715,0.83544 -0.079835 0.3152,0.70148 0.026525 0.30401
70 -134.267 217.658 -9.9908,1 23 124,0.86254 0.08388 0.31715,0.83544 -0.079835 0.3152,0.70148 0.026525 0.30401
71 -91.2471 195.769 -9.9908,1 23 124,0.86254 0.08388 0.31715,0.83544 -0.079835 0.3152,0.70148 0.026525 0.30401
72 -180.812 276.863 -9.9908,1 23 124,0.86254 0.08388 0.31715,0.83544 -0.079835 0.3152,0.70148 0.026525 0.30401
73 -72.2666 163.066 -9.9908,1 23 124,0.86254 0.08388 0.31715,0.83544 -0.079835 0.3152,0.70148 0.026525 0.30401
74 -79.8813 186.703 -9.9908,1 23 124,0.86254 0.08388 0.31715,0.83544 -0.079835 0.3152,0.70148 0.026525 0.30401
75 -169.16 273.633 -9.9908,1 23 124,0.86254 0.08388 0.31715,0.83544 -0.079835 0.3152,0.70148 0.026525 0.30401
76 -129.774 240.987 -9.9908,1 23 124,0.86254 0.08388 0.31715,0.83544 -0.079835 0.3152,0.70148 0.026525 0.30401
77 -113.401 229.337 -9.9908,1 23 124,0.86254 0.08388 0.31715,0.83544 -0.079835 0.3152,0.70148 0.026525 0.30401
78 -130.725 233.294 -9.9908,1 23 124,0.86254 0.08388 0.31715,0.83544 -0.079835 0.3152,0.70148 0.026525 0.30401
79 -120.228 214.746 -9.9908,1 23 124,0.86254 0.08388 0.31715,0.83544 -0.079835 0.3152,0.70148 0.026525 0.30401
80 -109.848 247.611 -9.9908,1 23 124,0.86254 0.08388 0.31715,0.83544 -0.079835 0.3152,0.70148 0.026525 0.30401
81 -126.114 227.271 -9.9908,1 23 124,0.86254 0.08388 0.31715,0.83544 -0.079835 0.3152,0.70148 0.026525 0.30401
82 -104.032 231.124 -9.9908,1 23 124,0.86254 0.08388 0.31715,0.83544 -0.079835 0.3152,0.70148 0.026525 0.30401
83 -122.644 218.439 -9.9908,1 23 124,0.86254 0.08388 0.31715,0.83544 -0.079835 0.3152,0.70148 0.026525 0.30401
84 -176.459 266.106 -9.9908,1 23 124,0.86254 0.08388 0.31715,0.83544 -0.079835 0.3152,0.70148 0.026525 0.30401
85 -124.229 221.291 -9.9908,1 23 124,0.86254 0.08388 0.31715,0.83544 -0.079835 0.3152,0.70148 0.026525 0.30401
86 -134.098 234.761 -9.9908,1 23 124,0.86254 0.08388 0.31715,0.83544 -0.079835 0.3152,0.70148 0.026525 0.30401
87 -188.547 284.069 -9.9908,1 23 124,0.86254 0.08388 0.31715,0.83544 -0.079835 0.3152,0.70148 0.026525 0.30401
88 -130.458 248.56 -9.9908,1 23 124,0.86254 0.08388 0.31715,0.83544 -0.079835 0.3152,0.70148 0.026525 0.30401
89 -107.269 199.928 -9.9908,1 23 124,0.86254 0.08388 0.31715,0.83544 -0.079835 0.3152,0.70148 0.026525 0.30401
90 -91.762 193.53 -9.9908,1 23 124,0.86254 0.08388 0.31715,0.83544 -0.079835 0.3152,0.70148 0.026525 0.30401
91 -120.571 191.112 -9.9908,1 23 124,0.86254 0.08388 0.31715,0.83544 -0.079835 0.3152,0.70148 0.026525 0.30401
92 -153.338 247.734 -9.9908,1 23 124,0.86254 0.08388 0.31715,0.83544 -0.079835 0.3152,0.70148 0.026525 0.30401
93 -109.048 216.193 -9.9908,1 23 124,0.86254 0.08388 0.31715,0.83544 -0.079835 0.3152,0.70148 0.026525 0.30401
94 -127.586 254.962 -9.9908,1 23 124,0.86254 0.08388 0.31715,0.83544 -0.079835 0.3152,0.70148 0.026525 0.30401
95 -85.0747 168.853 -9.9908,1 23 124,0.86254 0.08388 0.31715,0.83544 -0.079835 0.3152,0.70148 0.026525 0.30401
96 -125.346 247.849 -9.9908,1 23 124,0.86254 0.08388 0.31715,0.83544 -0.079835 0.3152,0.70148 0.026525 0.30401
97 -132.834 223.552 -9.9908,1 23 124,0.86254 0.08388 0.31715,0.83544 -0.079835 0.3152,0.70148 0.026525 0.30401
98 -128.223 244.973 -9.9908,1 23 124,0.86254 0.08388 0.31715,0.83544 -0.079835 0.3152,0.70148 0.026525 0.30401
99 -112.328 216.958 -9.9908,1 23 124,0.86254 0.08388 0.31715,0.83544 -0.079835 0.3152,0.70148 0.026525 0.30401
