1700556106282508134 1
1700556112320223808 2
1700556117024228572 3
1700556137245269060 4
1700556144548557043 5
1700556152163513422 6
1700556159991911649 7
1700556166523291349 8
1700556170284904718 9
1700556174026296138 10
1700556177297986507 11
1700556181333021640 12
1700556185987652301 13
1700556204914859294 14
1700556210775795698 15
1700556217117292404 16
1700556225656188964 17
1700556234284060478 18
1700556242256065368 19
1700556254859302282 20
1700556261189491510 21
1700556264949824333 22
1700556266386787414 23
1700556269132178544 24
1700556280237666130 25
1700556326726413726 26
1700556329546587705 27
1700556333678638696 28
1700556337308698892 29
1700556345555669546 30
1700556383560541152 31
1700556407722201108 32
1700556416457936525 33
1700556421316047906 34
1700556424647450685 35
1700556429584974527 36
1700556433868879556 37
1700556437720990657 38
1700556442176171779 39
1700556448035565137 40
1700556453362705945 41
1700556458970638751 42
1700556470480044603 43
1700556481967679500 44
1700556486200899362 45
1700556489641509294 46
1700556492780901670 47
1700556495739653825 48
1700556498909758090 49
1700556502391448497 50
1700556506223652839 51
1700556515454050064 52
1700556545359077692 53
1700556549000958681 54
1700556553905035257 55
1700556557334570169 56
1700556561135572910 57
